source program: DIGISIM WINDOWS
program version: 3.05
file type: CV

experimental parameters:
Estart (V): 1.000
Eswitch (V): -0.800
Eend (V): 1.000
v (V/s): 5.000e-002
temperature (K): 298.2
Ru (Ohms): 0
Cdl (F): 0
cycles: 1

experimental CV curve:
number of E(V), I(A) couples: 3600
1.000, +2.350e-006
0.999, +1.902e-006
0.998, +1.782e-006
0.997, +1.750e-006
0.996, +1.712e-006
0.995, +1.680e-006
0.994, +1.648e-006
0.993, +1.624e-006
0.992, +1.597e-006
0.991, +1.570e-006
0.990, +1.549e-006
0.989, +1.519e-006
0.988, +1.501e-006
0.987, +1.479e-006
0.986, +1.457e-006
0.985, +1.439e-006
0.984, +1.414e-006
0.983, +1.393e-006
0.982, +1.372e-006
0.981, +1.348e-006
0.980, +1.336e-006
0.979, +1.319e-006
0.978, +1.298e-006
0.977, +1.282e-006
0.976, +1.264e-006
0.975, +1.242e-006
0.974, +1.230e-006
0.973, +1.206e-006
0.972, +1.190e-006
0.971, +1.179e-006
0.970, +1.159e-006
0.969, +1.143e-006
0.968, +1.131e-006
0.967, +1.115e-006
0.966, +1.104e-006
0.965, +1.086e-006
0.964, +1.071e-006
0.963, +1.060e-006
0.962, +1.044e-006
0.961, +1.031e-006
0.960, +1.022e-006
0.959, +1.001e-006
0.958, +9.915e-007
0.957, +9.766e-007
0.956, +9.621e-007
0.955, +9.524e-007
0.954, +9.395e-007
0.953, +9.287e-007
0.952, +9.130e-007
0.951, +8.998e-007
0.950, +8.836e-007
0.949, +8.746e-007
0.948, +8.634e-007
0.947, +8.426e-007
0.946, +8.396e-007
0.945, +8.292e-007
0.944, +8.206e-007
0.943, +8.062e-007
0.942, +7.918e-007
0.941, +7.870e-007
0.940, +7.729e-007
0.939, +7.648e-007
0.938, +7.523e-007
0.937, +7.410e-007
0.936, +7.288e-007
0.935, +7.194e-007
0.934, +7.161e-007
0.933, +7.027e-007
0.932, +6.889e-007
0.931, +6.782e-007
0.930, +6.707e-007
0.929, +6.636e-007
0.928, +6.558e-007
0.927, +6.455e-007
0.926, +6.337e-007
0.925, +6.221e-007
0.924, +6.079e-007
0.923, +6.021e-007
0.922, +5.815e-007
0.921, +5.646e-007
0.920, +5.711e-007
0.919, +5.608e-007
0.918, +5.560e-007
0.917, +5.508e-007
0.916, +5.390e-007
0.915, +5.365e-007
0.914, +5.250e-007
0.913, +5.188e-007
0.912, +5.048e-007
0.911, +4.981e-007
0.910, +4.930e-007
0.909, +4.857e-007
0.908, +4.759e-007
0.907, +4.708e-007
0.906, +4.609e-007
0.905, +4.519e-007
0.904, +4.461e-007
0.903, +4.391e-007
0.902, +4.354e-007
0.901, +4.201e-007
0.900, +4.117e-007
0.899, +4.047e-007
0.898, +3.958e-007
0.897, +3.922e-007
0.896, +3.757e-007
0.895, +3.736e-007
0.894, +3.693e-007
0.893, +3.599e-007
0.892, +3.560e-007
0.891, +3.540e-007
0.890, +3.440e-007
0.889, +3.349e-007
0.888, +3.310e-007
0.887, +3.244e-007
0.886, +3.153e-007
0.885, +3.085e-007
0.884, +2.984e-007
0.883, +2.981e-007
0.882, +2.904e-007
0.881, +2.830e-007
0.880, +2.722e-007
0.879, +2.662e-007
0.878, +2.616e-007
0.877, +2.551e-007
0.876, +2.493e-007
0.875, +2.439e-007
0.874, +2.303e-007
0.873, +2.279e-007
0.872, +2.240e-007
0.871, +2.139e-007
0.870, +2.037e-007
0.869, +2.015e-007
0.868, +1.963e-007
0.867, +1.905e-007
0.866, +1.836e-007
0.865, +1.826e-007
0.864, +1.764e-007
0.863, +1.725e-007
0.862, +1.644e-007
0.861, +1.543e-007
0.860, +1.491e-007
0.859, +1.473e-007
0.858, +1.407e-007
0.857, +1.382e-007
0.856, +1.289e-007
0.855, +1.202e-007
0.854, +1.146e-007
0.853, +1.130e-007
0.852, +1.035e-007
0.851, +1.065e-007
0.850, +9.918e-008
0.849, +9.017e-008
0.848, +8.547e-008
0.847, +8.135e-008
0.846, +7.381e-008
0.845, +6.059e-008
0.844, +5.618e-008
0.843, +5.775e-008
0.842, +5.589e-008
0.841, +4.492e-008
0.840, +4.453e-008
0.839, +3.307e-008
0.838, +3.571e-008
0.837, +2.768e-008
0.836, +2.425e-008
0.835, +1.759e-008
0.834, +1.211e-008
0.833, +1.073e-008
0.832, +1.034e-008
0.831, +2.703e-009
0.830, -1.312e-009
0.829, -1.091e-008
0.828, -1.630e-008
0.827, -1.375e-008
0.826, -2.169e-008
0.825, -2.453e-008
0.824, -2.981e-008
0.823, -4.294e-008
0.822, -4.588e-008
0.821, -5.166e-008
0.820, -5.567e-008
0.819, -2.688e-008
0.818, -5.930e-008
0.817, -6.831e-008
0.816, -7.565e-008
0.815, -7.663e-008
0.814, -8.241e-008
0.813, -8.447e-008
0.812, -9.279e-008
0.811, -9.279e-008
0.810, -1.057e-007
0.809, -1.097e-007
0.808, -1.068e-007
0.807, -1.125e-007
0.806, -1.123e-007
0.805, -1.187e-007
0.804, -1.280e-007
0.803, -1.291e-007
0.802, -1.330e-007
0.801, -1.371e-007
0.800, -1.392e-007
0.799, -1.423e-007
0.798, -1.512e-007
0.797, -1.563e-007
0.796, -1.592e-007
0.795, -1.614e-007
0.794, -1.729e-007
0.793, -1.762e-007
0.792, -1.772e-007
0.791, -1.830e-007
0.790, -1.867e-007
0.789, -1.854e-007
0.788, -1.897e-007
0.787, -1.918e-007
0.786, -1.974e-007
0.785, -2.012e-007
0.784, -2.080e-007
0.783, -2.101e-007
0.782, -2.145e-007
0.781, -2.134e-007
0.780, -2.212e-007
0.779, -2.250e-007
0.778, -2.341e-007
0.777, -2.344e-007
0.776, -2.347e-007
0.775, -2.377e-007
0.774, -2.405e-007
0.773, -2.486e-007
0.772, -2.510e-007
0.771, -2.572e-007
0.770, -2.657e-007
0.769, -2.641e-007
0.768, -2.697e-007
0.767, -2.734e-007
0.766, -2.697e-007
0.765, -2.817e-007
0.764, -2.837e-007
0.763, -2.836e-007
0.762, -2.867e-007
0.761, -2.863e-007
0.760, -2.929e-007
0.759, -2.984e-007
0.758, -3.011e-007
0.757, -3.073e-007
0.756, -3.096e-007
0.755, -3.015e-007
0.754, -3.142e-007
0.753, -3.187e-007
0.752, -3.237e-007
0.751, -3.255e-007
0.750, -3.273e-007
0.749, -3.288e-007
0.748, -3.349e-007
0.747, -3.358e-007
0.746, -3.405e-007
0.745, -3.465e-007
0.744, -3.465e-007
0.743, -3.545e-007
0.742, -3.668e-007
0.741, -3.552e-007
0.740, -3.596e-007
0.739, -3.642e-007
0.738, -3.695e-007
0.737, -3.695e-007
0.736, -3.667e-007
0.735, -3.734e-007
0.734, -3.763e-007
0.733, -3.846e-007
0.732, -3.875e-007
0.731, -3.820e-007
0.730, -3.853e-007
0.729, -3.870e-007
0.728, -3.977e-007
0.727, -3.999e-007
0.726, -4.048e-007
0.725, -4.067e-007
0.724, -4.068e-007
0.723, -4.111e-007
0.722, -4.181e-007
0.721, -4.188e-007
0.720, -4.248e-007
0.719, -4.269e-007
0.718, -4.237e-007
0.717, -4.500e-007
0.716, -4.434e-007
0.715, -4.359e-007
0.714, -4.386e-007
0.713, -4.427e-007
0.712, -4.362e-007
0.711, -4.451e-007
0.710, -4.432e-007
0.709, -4.494e-007
0.708, -4.542e-007
0.707, -4.586e-007
0.706, -4.615e-007
0.705, -4.626e-007
0.704, -4.600e-007
0.703, -4.674e-007
0.702, -4.693e-007
0.701, -4.735e-007
0.700, -4.789e-007
0.699, -4.784e-007
0.698, -4.820e-007
0.697, -4.825e-007
0.696, -4.846e-007
0.695, -4.906e-007
0.694, -4.943e-007
0.693, -4.945e-007
0.692, -5.003e-007
0.691, -5.070e-007
0.690, -5.013e-007
0.689, -5.022e-007
0.688, -5.105e-007
0.687, -5.082e-007
0.686, -5.095e-007
0.685, -5.117e-007
0.684, -5.172e-007
0.683, -5.172e-007
0.682, -5.247e-007
0.681, -5.237e-007
0.680, -5.254e-007
0.679, -5.315e-007
0.678, -5.248e-007
0.677, -5.310e-007
0.676, -5.376e-007
0.675, -5.399e-007
0.674, -5.455e-007
0.673, -5.419e-007
0.672, -5.406e-007
0.671, -5.491e-007
0.670, -5.487e-007
0.669, -5.526e-007
0.668, -5.544e-007
0.667, -5.562e-007
0.666, -5.686e-007
0.665, -5.742e-007
0.664, -5.636e-007
0.663, -5.715e-007
0.662, -5.738e-007
0.661, -5.717e-007
0.660, -5.768e-007
0.659, -5.716e-007
0.658, -5.809e-007
0.657, -5.842e-007
0.656, -5.843e-007
0.655, -5.898e-007
0.654, -5.861e-007
0.653, -5.871e-007
0.652, -5.911e-007
0.651, -5.920e-007
0.650, -5.959e-007
0.649, -6.011e-007
0.648, -6.046e-007
0.647, -6.044e-007
0.646, -6.057e-007
0.645, -6.060e-007
0.644, -6.123e-007
0.643, -6.111e-007
0.642, -6.166e-007
0.641, -6.164e-007
0.640, -6.298e-007
0.639, -6.226e-007
0.638, -6.219e-007
0.637, -6.284e-007
0.636, -6.267e-007
0.635, -6.269e-007
0.634, -6.329e-007
0.633, -6.350e-007
0.632, -6.377e-007
0.631, -6.408e-007
0.630, -6.430e-007
0.629, -6.433e-007
0.628, -6.435e-007
0.627, -6.389e-007
0.626, -6.472e-007
0.625, -6.541e-007
0.624, -6.580e-007
0.623, -6.620e-007
0.622, -6.567e-007
0.621, -6.577e-007
0.620, -6.631e-007
0.619, -6.617e-007
0.618, -6.670e-007
0.617, -6.696e-007
0.616, -6.722e-007
0.615, -6.769e-007
0.614, -6.983e-007
0.613, -6.791e-007
0.612, -6.817e-007
0.611, -6.809e-007
0.610, -6.805e-007
0.609, -6.832e-007
0.608, -6.823e-007
0.607, -6.882e-007
0.606, -6.883e-007
0.605, -6.939e-007
0.604, -6.934e-007
0.603, -6.969e-007
0.602, -6.968e-007
0.601, -6.956e-007
0.600, -6.977e-007
0.599, -7.041e-007
0.598, -7.041e-007
0.597, -7.158e-007
0.596, -7.086e-007
0.595, -7.082e-007
0.594, -7.123e-007
0.593, -7.138e-007
0.592, -7.178e-007
0.591, -7.202e-007
0.590, -7.202e-007
0.589, -7.325e-007
0.588, -7.379e-007
0.587, -7.250e-007
0.586, -7.287e-007
0.585, -7.311e-007
0.584, -7.297e-007
0.583, -7.278e-007
0.582, -7.277e-007
0.581, -7.346e-007
0.580, -7.371e-007
0.579, -7.409e-007
0.578, -7.431e-007
0.577, -7.459e-007
0.576, -7.380e-007
0.575, -7.465e-007
0.574, -7.475e-007
0.573, -7.537e-007
0.572, -7.532e-007
0.571, -7.538e-007
0.570, -7.547e-007
0.569, -7.522e-007
0.568, -7.564e-007
0.567, -7.638e-007
0.566, -7.611e-007
0.565, -7.658e-007
0.564, -7.655e-007
0.563, -7.732e-007
0.562, -7.679e-007
0.561, -7.728e-007
0.560, -7.749e-007
0.559, -7.782e-007
0.558, -7.769e-007
0.557, -7.766e-007
0.556, -7.797e-007
0.555, -7.827e-007
0.554, -7.860e-007
0.553, -7.837e-007
0.552, -7.874e-007
0.551, -7.914e-007
0.550, -7.818e-007
0.549, -7.916e-007
0.548, -7.941e-007
0.547, -7.940e-007
0.546, -8.021e-007
0.545, -7.994e-007
0.544, -7.965e-007
0.543, -8.014e-007
0.542, -8.036e-007
0.541, -8.054e-007
0.540, -8.096e-007
0.539, -8.103e-007
0.538, -8.182e-007
0.537, -8.176e-007
0.536, -8.139e-007
0.535, -8.183e-007
0.534, -8.208e-007
0.533, -8.208e-007
0.532, -8.220e-007
0.531, -8.210e-007
0.530, -8.271e-007
0.529, -8.279e-007
0.528, -8.250e-007
0.527, -8.314e-007
0.526, -8.268e-007
0.525, -8.272e-007
0.524, -8.324e-007
0.523, -8.292e-007
0.522, -8.359e-007
0.521, -8.394e-007
0.520, -8.400e-007
0.519, -8.423e-007
0.518, -8.419e-007
0.517, -8.413e-007
0.516, -8.491e-007
0.515, -8.517e-007
0.514, -8.501e-007
0.513, -8.541e-007
0.512, -8.874e-007
0.511, -8.712e-007
0.510, -8.563e-007
0.509, -8.630e-007
0.508, -8.606e-007
0.507, -8.647e-007
0.506, -8.622e-007
0.505, -8.643e-007
0.504, -8.653e-007
0.503, -8.755e-007
0.502, -8.737e-007
0.501, -8.733e-007
0.500, -8.802e-007
0.499, -8.709e-007
0.498, -8.784e-007
0.497, -8.801e-007
0.496, -8.866e-007
0.495, -8.883e-007
0.494, -8.832e-007
0.493, -8.821e-007
0.492, -8.831e-007
0.491, -8.859e-007
0.490, -8.940e-007
0.489, -8.941e-007
0.488, -8.946e-007
0.487, -9.004e-007
0.486, -9.109e-007
0.485, -8.970e-007
0.484, -9.048e-007
0.483, -9.080e-007
0.482, -9.087e-007
0.481, -9.044e-007
0.480, -9.030e-007
0.479, -9.102e-007
0.478, -9.076e-007
0.477, -9.195e-007
0.476, -9.146e-007
0.475, -9.152e-007
0.474, -9.177e-007
0.473, -9.177e-007
0.472, -9.179e-007
0.471, -9.229e-007
0.470, -9.271e-007
0.469, -9.245e-007
0.468, -9.309e-007
0.467, -9.212e-007
0.466, -9.310e-007
0.465, -9.338e-007
0.464, -9.355e-007
0.463, -9.373e-007
0.462, -9.429e-007
0.461, -9.440e-007
0.460, -9.459e-007
0.459, -9.400e-007
0.458, -9.492e-007
0.457, -9.460e-007
0.456, -9.459e-007
0.455, -9.435e-007
0.454, -9.479e-007
0.453, -9.477e-007
0.452, -9.523e-007
0.451, -9.521e-007
0.450, -9.573e-007
0.449, -9.569e-007
0.448, -9.549e-007
0.447, -9.601e-007
0.446, -9.601e-007
0.445, -9.606e-007
0.444, -9.726e-007
0.443, -9.649e-007
0.442, -9.616e-007
0.441, -9.661e-007
0.440, -9.690e-007
0.439, -9.741e-007
0.438, -9.790e-007
0.437, -9.741e-007
0.436, -9.730e-007
0.435, -9.911e-007
0.434, -9.826e-007
0.433, -9.793e-007
0.432, -9.814e-007
0.431, -9.848e-007
0.430, -9.834e-007
0.429, -9.833e-007
0.428, -9.858e-007
0.427, -9.899e-007
0.426, -9.959e-007
0.425, -1.000e-006
0.424, -9.940e-007
0.423, -9.988e-007
0.422, -9.942e-007
0.421, -9.988e-007
0.420, -1.004e-006
0.419, -1.002e-006
0.418, -1.002e-006
0.417, -1.004e-006
0.416, -9.972e-007
0.415, -1.005e-006
0.414, -1.010e-006
0.413, -1.012e-006
0.412, -1.016e-006
0.411, -1.012e-006
0.410, -9.778e-007
0.409, -9.487e-007
0.408, -1.011e-006
0.407, -1.015e-006
0.406, -1.019e-006
0.405, -1.021e-006
0.404, -1.028e-006
0.403, -1.019e-006
0.402, -1.026e-006
0.401, -1.027e-006
0.400, -1.027e-006
0.399, -1.031e-006
0.398, -1.029e-006
0.397, -1.026e-006
0.396, -1.030e-006
0.395, -1.031e-006
0.394, -1.037e-006
0.393, -1.042e-006
0.392, -1.041e-006
0.391, -1.040e-006
0.390, -1.044e-006
0.389, -1.044e-006
0.388, -1.045e-006
0.387, -1.049e-006
0.386, -1.052e-006
0.385, -1.053e-006
0.384, -1.065e-006
0.383, -1.062e-006
0.382, -1.056e-006
0.381, -1.053e-006
0.380, -1.058e-006
0.379, -1.054e-006
0.378, -1.055e-006
0.377, -1.057e-006
0.376, -1.063e-006
0.375, -1.065e-006
0.374, -1.063e-006
0.373, -1.065e-006
0.372, -1.068e-006
0.371, -1.057e-006
0.370, -1.068e-006
0.369, -1.072e-006
0.368, -1.073e-006
0.367, -1.079e-006
0.366, -1.075e-006
0.365, -1.072e-006
0.364, -1.081e-006
0.363, -1.076e-006
0.362, -1.083e-006
0.361, -1.091e-006
0.360, -1.087e-006
0.359, -1.089e-006
0.358, -1.099e-006
0.357, -1.089e-006
0.356, -1.094e-006
0.355, -1.091e-006
0.354, -1.094e-006
0.353, -1.095e-006
0.352, -1.090e-006
0.351, -1.093e-006
0.350, -1.096e-006
0.349, -1.103e-006
0.348, -1.101e-006
0.347, -1.099e-006
0.346, -1.097e-006
0.345, -1.096e-006
0.344, -1.103e-006
0.343, -1.106e-006
0.342, -1.105e-006
0.341, -1.115e-006
0.340, -1.110e-006
0.339, -1.110e-006
0.338, -1.113e-006
0.337, -1.114e-006
0.336, -1.119e-006
0.335, -1.116e-006
0.334, -1.116e-006
0.333, -1.128e-006
0.332, -1.127e-006
0.331, -1.116e-006
0.330, -1.125e-006
0.329, -1.127e-006
0.328, -1.127e-006
0.327, -1.126e-006
0.326, -1.123e-006
0.325, -1.128e-006
0.324, -1.132e-006
0.323, -1.129e-006
0.322, -1.131e-006
0.321, -1.135e-006
0.320, -1.131e-006
0.319, -1.133e-006
0.318, -1.136e-006
0.317, -1.141e-006
0.316, -1.144e-006
0.315, -1.139e-006
0.314, -1.142e-006
0.313, -1.137e-006
0.312, -1.143e-006
0.311, -1.148e-006
0.310, -1.151e-006
0.309, -1.149e-006
0.308, -1.155e-006
0.307, -1.194e-006
0.306, -1.160e-006
0.305, -1.152e-006
0.304, -1.161e-006
0.303, -1.162e-006
0.302, -1.154e-006
0.301, -1.156e-006
0.300, -1.161e-006
0.299, -1.161e-006
0.298, -1.161e-006
0.297, -1.170e-006
0.296, -1.167e-006
0.295, -1.166e-006
0.294, -1.164e-006
0.293, -1.171e-006
0.292, -1.181e-006
0.291, -1.171e-006
0.290, -1.166e-006
0.289, -1.177e-006
0.288, -1.178e-006
0.287, -1.183e-006
0.286, -1.175e-006
0.285, -1.178e-006
0.284, -1.182e-006
0.283, -1.184e-006
0.282, -1.194e-006
0.281, -1.200e-006
0.280, -1.183e-006
0.279, -1.190e-006
0.278, -1.199e-006
0.277, -1.186e-006
0.276, -1.190e-006
0.275, -1.193e-006
0.274, -1.194e-006
0.273, -1.191e-006
0.272, -1.201e-006
0.271, -1.203e-006
0.270, -1.198e-006
0.269, -1.196e-006
0.268, -1.202e-006
0.267, -1.199e-006
0.266, -1.208e-006
0.265, -1.209e-006
0.264, -1.207e-006
0.263, -1.206e-006
0.262, -1.204e-006
0.261, -1.211e-006
0.260, -1.213e-006
0.259, -1.215e-006
0.258, -1.212e-006
0.257, -1.213e-006
0.256, -1.226e-006
0.255, -1.226e-006
0.254, -1.218e-006
0.253, -1.223e-006
0.252, -1.219e-006
0.251, -1.215e-006
0.250, -1.224e-006
0.249, -1.226e-006
0.248, -1.222e-006
0.247, -1.229e-006
0.246, -1.230e-006
0.245, -1.231e-006
0.244, -1.233e-006
0.243, -1.225e-006
0.242, -1.230e-006
0.241, -1.235e-006
0.240, -1.232e-006
0.239, -1.236e-006
0.238, -1.233e-006
0.237, -1.237e-006
0.236, -1.235e-006
0.235, -1.234e-006
0.234, -1.242e-006
0.233, -1.242e-006
0.232, -1.244e-006
0.231, -1.243e-006
0.230, -1.264e-006
0.229, -1.245e-006
0.228, -1.254e-006
0.227, -1.255e-006
0.226, -1.254e-006
0.225, -1.252e-006
0.224, -1.251e-006
0.223, -1.252e-006
0.222, -1.259e-006
0.221, -1.262e-006
0.220, -1.260e-006
0.219, -1.264e-006
0.218, -1.261e-006
0.217, -1.257e-006
0.216, -1.268e-006
0.215, -1.263e-006
0.214, -1.267e-006
0.213, -1.273e-006
0.212, -1.272e-006
0.211, -1.261e-006
0.210, -1.274e-006
0.209, -1.277e-006
0.208, -1.276e-006
0.207, -1.277e-006
0.206, -1.273e-006
0.205, -1.304e-006
0.204, -1.299e-006
0.203, -1.283e-006
0.202, -1.288e-006
0.201, -1.291e-006
0.200, -1.289e-006
0.199, -1.293e-006
0.198, -1.284e-006
0.197, -1.289e-006
0.196, -1.289e-006
0.195, -1.291e-006
0.194, -1.294e-006
0.193, -1.295e-006
0.192, -1.294e-006
0.191, -1.301e-006
0.190, -1.301e-006
0.189, -1.306e-006
0.188, -1.308e-006
0.187, -1.303e-006
0.186, -1.305e-006
0.185, -1.303e-006
0.184, -1.303e-006
0.183, -1.310e-006
0.182, -1.311e-006
0.181, -1.316e-006
0.180, -1.313e-006
0.179, -1.334e-006
0.178, -1.319e-006
0.177, -1.321e-006
0.176, -1.318e-006
0.175, -1.328e-006
0.174, -1.322e-006
0.173, -1.321e-006
0.172, -1.324e-006
0.171, -1.321e-006
0.170, -1.330e-006
0.169, -1.331e-006
0.168, -1.324e-006
0.167, -1.328e-006
0.166, -1.325e-006
0.165, -1.330e-006
0.164, -1.339e-006
0.163, -1.342e-006
0.162, -1.339e-006
0.161, -1.336e-006
0.160, -1.333e-006
0.159, -1.341e-006
0.158, -1.342e-006
0.157, -1.341e-006
0.156, -1.346e-006
0.155, -1.348e-006
0.154, -1.354e-006
0.153, -1.359e-006
0.152, -1.355e-006
0.151, -1.355e-006
0.150, -1.355e-006
0.149, -1.360e-006
0.148, -1.360e-006
0.147, -1.356e-006
0.146, -1.364e-006
0.145, -1.362e-006
0.144, -1.367e-006
0.143, -1.367e-006
0.142, -1.364e-006
0.141, -1.361e-006
0.140, -1.364e-006
0.139, -1.369e-006
0.138, -1.376e-006
0.137, -1.380e-006
0.136, -1.378e-006
0.135, -1.374e-006
0.134, -1.379e-006
0.133, -1.376e-006
0.132, -1.380e-006
0.131, -1.379e-006
0.130, -1.386e-006
0.129, -1.389e-006
0.128, -1.408e-006
0.127, -1.396e-006
0.126, -1.385e-006
0.125, -1.397e-006
0.124, -1.393e-006
0.123, -1.394e-006
0.122, -1.396e-006
0.121, -1.390e-006
0.120, -1.396e-006
0.119, -1.400e-006
0.118, -1.405e-006
0.117, -1.410e-006
0.116, -1.407e-006
0.115, -1.393e-006
0.114, -1.404e-006
0.113, -1.407e-006
0.112, -1.408e-006
0.111, -1.417e-006
0.110, -1.418e-006
0.109, -1.413e-006
0.108, -1.422e-006
0.107, -1.416e-006
0.106, -1.418e-006
0.105, -1.422e-006
0.104, -1.420e-006
0.103, -1.433e-006
0.102, -1.461e-006
0.101, -1.434e-006
0.100, -1.438e-006
0.099, -1.435e-006
0.098, -1.432e-006
0.097, -1.439e-006
0.096, -1.431e-006
0.095, -1.440e-006
0.094, -1.440e-006
0.093, -1.440e-006
0.092, -1.443e-006
0.091, -1.445e-006
0.090, -1.440e-006
0.089, -1.442e-006
0.088, -1.441e-006
0.087, -1.455e-006
0.086, -1.459e-006
0.085, -1.457e-006
0.084, -1.457e-006
0.083, -1.454e-006
0.082, -1.470e-006
0.081, -1.466e-006
0.080, -1.465e-006
0.079, -1.467e-006
0.078, -1.470e-006
0.077, -1.486e-006
0.076, -1.485e-006
0.075, -1.466e-006
0.074, -1.484e-006
0.073, -1.481e-006
0.072, -1.478e-006
0.071, -1.485e-006
0.070, -1.483e-006
0.069, -1.482e-006
0.068, -1.491e-006
0.067, -1.495e-006
0.066, -1.495e-006
0.065, -1.496e-006
0.064, -1.489e-006
0.063, -1.496e-006
0.062, -1.500e-006
0.061, -1.509e-006
0.060, -1.507e-006
0.059, -1.503e-006
0.058, -1.510e-006
0.057, -1.503e-006
0.056, -1.507e-006
0.055, -1.519e-006
0.054, -1.518e-006
0.053, -1.527e-006
0.052, -1.524e-006
0.051, -1.536e-006
0.050, -1.533e-006
0.049, -1.534e-006
0.048, -1.537e-006
0.047, -1.537e-006
0.046, -1.537e-006
0.045, -1.542e-006
0.044, -1.546e-006
0.043, -1.548e-006
0.042, -1.559e-006
0.041, -1.558e-006
0.040, -1.560e-006
0.039, -1.562e-006
0.038, -1.551e-006
0.037, -1.564e-006
0.036, -1.568e-006
0.035, -1.576e-006
0.034, -1.579e-006
0.033, -1.582e-006
0.032, -1.582e-006
0.031, -1.584e-006
0.030, -1.591e-006
0.029, -1.593e-006
0.028, -1.602e-006
0.027, -1.598e-006
0.026, -1.618e-006
0.025, -1.620e-006
0.024, -1.610e-006
0.023, -1.622e-006
0.022, -1.627e-006
0.021, -1.619e-006
0.020, -1.627e-006
0.019, -1.631e-006
0.018, -1.636e-006
0.017, -1.644e-006
0.016, -1.642e-006
0.015, -1.654e-006
0.014, -1.656e-006
0.013, -1.653e-006
0.012, -1.656e-006
0.011, -1.662e-006
0.010, -1.675e-006
0.009, -1.681e-006
0.008, -1.676e-006
0.007, -1.692e-006
0.006, -1.685e-006
0.005, -1.690e-006
0.004, -1.703e-006
0.003, -1.708e-006
0.002, -1.716e-006
0.001, -1.725e-006
0.000, -1.640e-006
-0.001, -1.705e-006
-0.002, -1.728e-006
-0.003, -1.741e-006
-0.004, -1.753e-006
-0.005, -1.751e-006
-0.006, -1.759e-006
-0.007, -1.764e-006
-0.008, -1.774e-006
-0.009, -1.789e-006
-0.010, -1.791e-006
-0.011, -1.799e-006
-0.012, -1.807e-006
-0.013, -1.795e-006
-0.014, -1.820e-006
-0.015, -1.823e-006
-0.016, -1.834e-006
-0.017, -1.849e-006
-0.018, -1.848e-006
-0.019, -1.851e-006
-0.020, -1.863e-006
-0.021, -1.868e-006
-0.022, -1.886e-006
-0.023, -1.892e-006
-0.024, -1.900e-006
-0.025, -1.924e-006
-0.026, -1.938e-006
-0.027, -1.933e-006
-0.028, -1.937e-006
-0.029, -1.954e-006
-0.030, -1.960e-006
-0.031, -1.967e-006
-0.032, -1.966e-006
-0.033, -1.992e-006
-0.034, -2.006e-006
-0.035, -2.010e-006
-0.036, -2.025e-006
-0.037, -2.025e-006
-0.038, -2.046e-006
-0.039, -2.047e-006
-0.040, -2.064e-006
-0.041, -2.081e-006
-0.042, -2.103e-006
-0.043, -2.104e-006
-0.044, -2.114e-006
-0.045, -2.121e-006
-0.046, -2.141e-006
-0.047, -2.158e-006
-0.048, -2.175e-006
-0.049, -2.190e-006
-0.050, -2.195e-006
-0.051, -2.225e-006
-0.052, -2.238e-006
-0.053, -2.248e-006
-0.054, -2.269e-006
-0.055, -2.277e-006
-0.056, -2.292e-006
-0.057, -2.312e-006
-0.058, -2.319e-006
-0.059, -2.335e-006
-0.060, -2.363e-006
-0.061, -2.374e-006
-0.062, -2.391e-006
-0.063, -2.401e-006
-0.064, -2.413e-006
-0.065, -2.443e-006
-0.066, -2.456e-006
-0.067, -2.483e-006
-0.068, -2.498e-006
-0.069, -2.510e-006
-0.070, -2.531e-006
-0.071, -2.550e-006
-0.072, -2.570e-006
-0.073, -2.591e-006
-0.074, -2.610e-006
-0.075, -2.632e-006
-0.076, -2.651e-006
-0.077, -2.687e-006
-0.078, -2.695e-006
-0.079, -2.709e-006
-0.080, -2.734e-006
-0.081, -2.752e-006
-0.082, -2.773e-006
-0.083, -2.778e-006
-0.084, -2.812e-006
-0.085, -2.833e-006
-0.086, -2.863e-006
-0.087, -2.878e-006
-0.088, -2.905e-006
-0.089, -2.916e-006
-0.090, -2.917e-006
-0.091, -2.962e-006
-0.092, -2.992e-006
-0.093, -3.010e-006
-0.094, -3.031e-006
-0.095, -3.040e-006
-0.096, -3.065e-006
-0.097, -3.098e-006
-0.098, -3.109e-006
-0.099, -3.129e-006
-0.100, -3.157e-006
-0.101, -3.178e-006
-0.102, -3.227e-006
-0.103, -3.263e-006
-0.104, -3.256e-006
-0.105, -3.269e-006
-0.106, -3.294e-006
-0.107, -3.316e-006
-0.108, -3.325e-006
-0.109, -3.354e-006
-0.110, -3.377e-006
-0.111, -3.401e-006
-0.112, -3.427e-006
-0.113, -3.439e-006
-0.114, -3.465e-006
-0.115, -3.484e-006
-0.116, -3.502e-006
-0.117, -3.526e-006
-0.118, -3.562e-006
-0.119, -3.570e-006
-0.120, -3.586e-006
-0.121, -3.620e-006
-0.122, -3.633e-006
-0.123, -3.648e-006
-0.124, -3.678e-006
-0.125, -3.697e-006
-0.126, -3.719e-006
-0.127, -3.733e-006
-0.128, -3.777e-006
-0.129, -3.786e-006
-0.130, -3.796e-006
-0.131, -3.817e-006
-0.132, -3.849e-006
-0.133, -3.860e-006
-0.134, -3.882e-006
-0.135, -3.896e-006
-0.136, -3.908e-006
-0.137, -3.941e-006
-0.138, -3.959e-006
-0.139, -3.978e-006
-0.140, -3.992e-006
-0.141, -3.990e-006
-0.142, -4.033e-006
-0.143, -4.044e-006
-0.144, -4.069e-006
-0.145, -4.087e-006
-0.146, -4.093e-006
-0.147, -4.107e-006
-0.148, -4.136e-006
-0.149, -4.156e-006
-0.150, -4.174e-006
-0.151, -4.187e-006
-0.152, -4.217e-006
-0.153, -4.229e-006
-0.154, -4.254e-006
-0.155, -4.265e-006
-0.156, -4.281e-006
-0.157, -4.287e-006
-0.158, -4.308e-006
-0.159, -4.321e-006
-0.160, -4.334e-006
-0.161, -4.351e-006
-0.162, -4.360e-006
-0.163, -4.384e-006
-0.164, -4.395e-006
-0.165, -4.410e-006
-0.166, -4.420e-006
-0.167, -4.427e-006
-0.168, -4.445e-006
-0.169, -4.455e-006
-0.170, -4.479e-006
-0.171, -4.487e-006
-0.172, -4.503e-006
-0.173, -4.502e-006
-0.174, -4.527e-006
-0.175, -4.536e-006
-0.176, -4.556e-006
-0.177, -4.558e-006
-0.178, -4.575e-006
-0.179, -4.602e-006
-0.180, -4.606e-006
-0.181, -4.602e-006
-0.182, -4.616e-006
-0.183, -4.629e-006
-0.184, -4.632e-006
-0.185, -4.652e-006
-0.186, -4.652e-006
-0.187, -4.661e-006
-0.188, -4.655e-006
-0.189, -4.678e-006
-0.190, -4.694e-006
-0.191, -4.693e-006
-0.192, -4.700e-006
-0.193, -4.707e-006
-0.194, -4.712e-006
-0.195, -4.727e-006
-0.196, -4.730e-006
-0.197, -4.732e-006
-0.198, -4.746e-006
-0.199, -4.737e-006
-0.200, -4.750e-006
-0.201, -4.766e-006
-0.202, -4.766e-006
-0.203, -4.770e-006
-0.204, -4.780e-006
-0.205, -4.845e-006
-0.206, -4.804e-006
-0.207, -4.798e-006
-0.208, -4.795e-006
-0.209, -4.808e-006
-0.210, -4.810e-006
-0.211, -4.809e-006
-0.212, -4.810e-006
-0.213, -4.812e-006
-0.214, -4.829e-006
-0.215, -4.816e-006
-0.216, -4.814e-006
-0.217, -4.825e-006
-0.218, -4.802e-006
-0.219, -4.821e-006
-0.220, -4.830e-006
-0.221, -4.832e-006
-0.222, -4.826e-006
-0.223, -4.840e-006
-0.224, -4.832e-006
-0.225, -4.836e-006
-0.226, -4.838e-006
-0.227, -4.830e-006
-0.228, -4.837e-006
-0.229, -4.830e-006
-0.230, -4.843e-006
-0.231, -4.863e-006
-0.232, -4.840e-006
-0.233, -4.833e-006
-0.234, -4.838e-006
-0.235, -4.846e-006
-0.236, -4.835e-006
-0.237, -4.825e-006
-0.238, -4.837e-006
-0.239, -4.834e-006
-0.240, -4.836e-006
-0.241, -4.843e-006
-0.242, -4.831e-006
-0.243, -4.816e-006
-0.244, -4.821e-006
-0.245, -4.819e-006
-0.246, -4.820e-006
-0.247, -4.821e-006
-0.248, -4.817e-006
-0.249, -4.822e-006
-0.250, -4.809e-006
-0.251, -4.811e-006
-0.252, -4.807e-006
-0.253, -4.812e-006
-0.254, -4.809e-006
-0.255, -4.807e-006
-0.256, -4.822e-006
-0.257, -4.804e-006
-0.258, -4.800e-006
-0.259, -4.797e-006
-0.260, -4.801e-006
-0.261, -4.783e-006
-0.262, -4.781e-006
-0.263, -4.770e-006
-0.264, -4.783e-006
-0.265, -4.776e-006
-0.266, -4.766e-006
-0.267, -4.775e-006
-0.268, -4.769e-006
-0.269, -4.738e-006
-0.270, -4.762e-006
-0.271, -4.758e-006
-0.272, -4.749e-006
-0.273, -4.747e-006
-0.274, -4.754e-006
-0.275, -4.754e-006
-0.276, -4.734e-006
-0.277, -4.723e-006
-0.278, -4.733e-006
-0.279, -4.736e-006
-0.280, -4.716e-006
-0.281, -4.742e-006
-0.282, -4.747e-006
-0.283, -4.718e-006
-0.284, -4.715e-006
-0.285, -4.711e-006
-0.286, -4.708e-006
-0.287, -4.704e-006
-0.288, -4.681e-006
-0.289, -4.686e-006
-0.290, -4.687e-006
-0.291, -4.685e-006
-0.292, -4.687e-006
-0.293, -4.676e-006
-0.294, -4.676e-006
-0.295, -4.668e-006
-0.296, -4.658e-006
-0.297, -4.661e-006
-0.298, -4.660e-006
-0.299, -4.651e-006
-0.300, -4.668e-006
-0.301, -4.644e-006
-0.302, -4.635e-006
-0.303, -4.639e-006
-0.304, -4.640e-006
-0.305, -4.640e-006
-0.306, -4.639e-006
-0.307, -4.663e-006
-0.308, -4.656e-006
-0.309, -4.620e-006
-0.310, -4.627e-006
-0.311, -4.626e-006
-0.312, -4.610e-006
-0.313, -4.607e-006
-0.314, -4.604e-006
-0.315, -4.612e-006
-0.316, -4.593e-006
-0.317, -4.600e-006
-0.318, -4.597e-006
-0.319, -4.581e-006
-0.320, -4.576e-006
-0.321, -4.583e-006
-0.322, -4.578e-006
-0.323, -4.584e-006
-0.324, -4.579e-006
-0.325, -4.566e-006
-0.326, -4.564e-006
-0.327, -4.565e-006
-0.328, -4.555e-006
-0.329, -4.566e-006
-0.330, -4.574e-006
-0.331, -4.546e-006
-0.332, -4.542e-006
-0.333, -4.575e-006
-0.334, -4.554e-006
-0.335, -4.543e-006
-0.336, -4.542e-006
-0.337, -4.534e-006
-0.338, -4.539e-006
-0.339, -4.531e-006
-0.340, -4.531e-006
-0.341, -4.519e-006
-0.342, -4.528e-006
-0.343, -4.525e-006
-0.344, -4.508e-006
-0.345, -4.517e-006
-0.346, -4.482e-006
-0.347, -4.513e-006
-0.348, -4.503e-006
-0.349, -4.503e-006
-0.350, -4.502e-006
-0.351, -4.497e-006
-0.352, -4.491e-006
-0.353, -4.491e-006
-0.354, -4.477e-006
-0.355, -4.494e-006
-0.356, -4.506e-006
-0.357, -4.472e-006
-0.358, -4.492e-006
-0.359, -4.489e-006
-0.360, -4.471e-006
-0.361, -4.477e-006
-0.362, -4.480e-006
-0.363, -4.466e-006
-0.364, -4.473e-006
-0.365, -4.461e-006
-0.366, -4.464e-006
-0.367, -4.451e-006
-0.368, -4.462e-006
-0.369, -4.466e-006
-0.370, -4.455e-006
-0.371, -4.442e-006
-0.372, -4.446e-006
-0.373, -4.449e-006
-0.374, -4.455e-006
-0.375, -4.437e-006
-0.376, -4.434e-006
-0.377, -4.444e-006
-0.378, -4.429e-006
-0.379, -4.438e-006
-0.380, -4.430e-006
-0.381, -4.440e-006
-0.382, -4.425e-006
-0.383, -4.434e-006
-0.384, -4.449e-006
-0.385, -4.440e-006
-0.386, -4.424e-006
-0.387, -4.422e-006
-0.388, -4.424e-006
-0.389, -4.416e-006
-0.390, -4.411e-006
-0.391, -4.407e-006
-0.392, -4.407e-006
-0.393, -4.409e-006
-0.394, -4.409e-006
-0.395, -4.411e-006
-0.396, -4.405e-006
-0.397, -4.380e-006
-0.398, -4.405e-006
-0.399, -4.403e-006
-0.400, -4.393e-006
-0.401, -4.389e-006
-0.402, -4.400e-006
-0.403, -4.391e-006
-0.404, -4.383e-006
-0.405, -4.389e-006
-0.406, -4.391e-006
-0.407, -4.397e-006
-0.408, -4.385e-006
-0.409, -4.368e-006
-0.410, -4.292e-006
-0.411, -4.362e-006
-0.412, -4.364e-006
-0.413, -4.378e-006
-0.414, -4.390e-006
-0.415, -4.369e-006
-0.416, -4.365e-006
-0.417, -4.381e-006
-0.418, -4.363e-006
-0.419, -4.375e-006
-0.420, -4.367e-006
-0.421, -4.362e-006
-0.422, -4.365e-006
-0.423, -4.356e-006
-0.424, -4.364e-006
-0.425, -4.376e-006
-0.426, -4.363e-006
-0.427, -4.362e-006
-0.428, -4.363e-006
-0.429, -4.358e-006
-0.430, -4.363e-006
-0.431, -4.366e-006
-0.432, -4.360e-006
-0.433, -4.370e-006
-0.434, -4.351e-006
-0.435, -4.377e-006
-0.436, -4.362e-006
-0.437, -4.355e-006
-0.438, -4.372e-006
-0.439, -4.371e-006
-0.440, -4.359e-006
-0.441, -4.360e-006
-0.442, -4.345e-006
-0.443, -4.353e-006
-0.444, -4.356e-006
-0.445, -4.365e-006
-0.446, -4.349e-006
-0.447, -4.359e-006
-0.448, -4.335e-006
-0.449, -4.339e-006
-0.450, -4.356e-006
-0.451, -4.347e-006
-0.452, -4.360e-006
-0.453, -4.341e-006
-0.454, -4.354e-006
-0.455, -4.349e-006
-0.456, -4.348e-006
-0.457, -4.354e-006
-0.458, -4.359e-006
-0.459, -4.340e-006
-0.460, -4.358e-006
-0.461, -4.367e-006
-0.462, -4.364e-006
-0.463, -4.343e-006
-0.464, -4.362e-006
-0.465, -4.371e-006
-0.466, -4.357e-006
-0.467, -4.338e-006
-0.468, -4.353e-006
-0.469, -4.338e-006
-0.470, -4.340e-006
-0.471, -4.355e-006
-0.472, -4.360e-006
-0.473, -4.353e-006
-0.474, -4.338e-006
-0.475, -4.360e-006
-0.476, -4.358e-006
-0.477, -4.359e-006
-0.478, -4.361e-006
-0.479, -4.358e-006
-0.480, -4.350e-006
-0.481, -4.368e-006
-0.482, -4.349e-006
-0.483, -4.378e-006
-0.484, -4.359e-006
-0.485, -4.367e-006
-0.486, -4.385e-006
-0.487, -4.383e-006
-0.488, -4.357e-006
-0.489, -4.367e-006
-0.490, -4.370e-006
-0.491, -4.364e-006
-0.492, -4.368e-006
-0.493, -4.365e-006
-0.494, -4.371e-006
-0.495, -4.363e-006
-0.496, -4.374e-006
-0.497, -4.387e-006
-0.498, -4.374e-006
-0.499, -4.359e-006
-0.500, -4.367e-006
-0.501, -4.379e-006
-0.502, -4.388e-006
-0.503, -4.379e-006
-0.504, -4.372e-006
-0.505, -4.397e-006
-0.506, -4.375e-006
-0.507, -4.376e-006
-0.508, -4.394e-006
-0.509, -4.389e-006
-0.510, -4.388e-006
-0.511, -4.382e-006
-0.512, -4.460e-006
-0.513, -4.419e-006
-0.514, -4.383e-006
-0.515, -4.415e-006
-0.516, -4.411e-006
-0.517, -4.393e-006
-0.518, -4.394e-006
-0.519, -4.398e-006
-0.520, -4.404e-006
-0.521, -4.410e-006
-0.522, -4.420e-006
-0.523, -4.403e-006
-0.524, -4.413e-006
-0.525, -4.397e-006
-0.526, -4.408e-006
-0.527, -4.424e-006
-0.528, -4.421e-006
-0.529, -4.422e-006
-0.530, -4.423e-006
-0.531, -4.424e-006
-0.532, -4.418e-006
-0.533, -4.421e-006
-0.534, -4.445e-006
-0.535, -4.442e-006
-0.536, -4.438e-006
-0.537, -4.442e-006
-0.538, -4.466e-006
-0.539, -4.435e-006
-0.540, -4.445e-006
-0.541, -4.453e-006
-0.542, -4.458e-006
-0.543, -4.443e-006
-0.544, -4.440e-006
-0.545, -4.460e-006
-0.546, -4.460e-006
-0.547, -4.460e-006
-0.548, -4.471e-006
-0.549, -4.465e-006
-0.550, -4.474e-006
-0.551, -4.464e-006
-0.552, -4.475e-006
-0.553, -4.470e-006
-0.554, -4.488e-006
-0.555, -4.479e-006
-0.556, -4.488e-006
-0.557, -4.482e-006
-0.558, -4.492e-006
-0.559, -4.498e-006
-0.560, -4.499e-006
-0.561, -4.494e-006
-0.562, -4.507e-006
-0.563, -4.529e-006
-0.564, -4.519e-006
-0.565, -4.529e-006
-0.566, -4.517e-006
-0.567, -4.524e-006
-0.568, -4.526e-006
-0.569, -4.521e-006
-0.570, -4.528e-006
-0.571, -4.531e-006
-0.572, -4.541e-006
-0.573, -4.552e-006
-0.574, -4.536e-006
-0.575, -4.548e-006
-0.576, -4.536e-006
-0.577, -4.567e-006
-0.578, -4.554e-006
-0.579, -4.559e-006
-0.580, -4.570e-006
-0.581, -4.580e-006
-0.582, -4.580e-006
-0.583, -4.574e-006
-0.584, -4.569e-006
-0.585, -4.598e-006
-0.586, -4.594e-006
-0.587, -4.591e-006
-0.588, -4.597e-006
-0.589, -4.635e-006
-0.590, -4.619e-006
-0.591, -4.605e-006
-0.592, -4.619e-006
-0.593, -4.625e-006
-0.594, -4.628e-006
-0.595, -4.625e-006
-0.596, -4.637e-006
-0.597, -4.640e-006
-0.598, -4.661e-006
-0.599, -4.654e-006
-0.600, -4.642e-006
-0.601, -4.649e-006
-0.602, -4.648e-006
-0.603, -4.665e-006
-0.604, -4.678e-006
-0.605, -4.676e-006
-0.606, -4.685e-006
-0.607, -4.680e-006
-0.608, -4.685e-006
-0.609, -4.699e-006
-0.610, -4.707e-006
-0.611, -4.717e-006
-0.612, -4.711e-006
-0.613, -4.704e-006
-0.614, -4.765e-006
-0.615, -4.787e-006
-0.616, -4.731e-006
-0.617, -4.744e-006
-0.618, -4.748e-006
-0.619, -4.754e-006
-0.620, -4.759e-006
-0.621, -4.754e-006
-0.622, -4.771e-006
-0.623, -4.778e-006
-0.624, -4.781e-006
-0.625, -4.811e-006
-0.626, -4.793e-006
-0.627, -4.803e-006
-0.628, -4.790e-006
-0.629, -4.804e-006
-0.630, -4.833e-006
-0.631, -4.840e-006
-0.632, -4.834e-006
-0.633, -4.854e-006
-0.634, -4.839e-006
-0.635, -4.848e-006
-0.636, -4.872e-006
-0.637, -4.882e-006
-0.638, -4.880e-006
-0.639, -4.879e-006
-0.640, -4.916e-006
-0.641, -4.915e-006
-0.642, -4.904e-006
-0.643, -4.924e-006
-0.644, -4.935e-006
-0.645, -4.935e-006
-0.646, -4.935e-006
-0.647, -4.946e-006
-0.648, -4.963e-006
-0.649, -4.971e-006
-0.650, -4.977e-006
-0.651, -4.979e-006
-0.652, -5.007e-006
-0.653, -4.981e-006
-0.654, -5.003e-006
-0.655, -5.006e-006
-0.656, -5.023e-006
-0.657, -5.028e-006
-0.658, -5.042e-006
-0.659, -5.052e-006
-0.660, -5.052e-006
-0.661, -5.065e-006
-0.662, -5.092e-006
-0.663, -5.097e-006
-0.664, -5.086e-006
-0.665, -5.110e-006
-0.666, -5.146e-006
-0.667, -5.118e-006
-0.668, -5.148e-006
-0.669, -5.142e-006
-0.670, -5.176e-006
-0.671, -5.162e-006
-0.672, -5.175e-006
-0.673, -5.185e-006
-0.674, -5.188e-006
-0.675, -5.218e-006
-0.676, -5.229e-006
-0.677, -5.227e-006
-0.678, -5.243e-006
-0.679, -5.237e-006
-0.680, -5.262e-006
-0.681, -5.279e-006
-0.682, -5.290e-006
-0.683, -5.297e-006
-0.684, -5.311e-006
-0.685, -5.314e-006
-0.686, -5.335e-006
-0.687, -5.345e-006
-0.688, -5.376e-006
-0.689, -5.380e-006
-0.690, -5.380e-006
-0.691, -5.423e-006
-0.692, -5.430e-006
-0.693, -5.424e-006
-0.694, -5.447e-006
-0.695, -5.460e-006
-0.696, -5.450e-006
-0.697, -5.468e-006
-0.698, -5.481e-006
-0.699, -5.504e-006
-0.700, -5.508e-006
-0.701, -5.525e-006
-0.702, -5.549e-006
-0.703, -5.559e-006
-0.704, -5.557e-006
-0.705, -5.594e-006
-0.706, -5.597e-006
-0.707, -5.608e-006
-0.708, -5.639e-006
-0.709, -5.644e-006
-0.710, -5.655e-006
-0.711, -5.669e-006
-0.712, -5.690e-006
-0.713, -5.714e-006
-0.714, -5.713e-006
-0.715, -5.730e-006
-0.716, -5.753e-006
-0.717, -5.836e-006
-0.718, -5.807e-006
-0.719, -5.802e-006
-0.720, -5.825e-006
-0.721, -5.844e-006
-0.722, -5.844e-006
-0.723, -5.857e-006
-0.724, -5.870e-006
-0.725, -5.892e-006
-0.726, -5.919e-006
-0.727, -5.946e-006
-0.728, -5.943e-006
-0.729, -5.978e-006
-0.730, -5.977e-006
-0.731, -5.992e-006
-0.732, -6.012e-006
-0.733, -6.035e-006
-0.734, -6.046e-006
-0.735, -6.080e-006
-0.736, -6.083e-006
-0.737, -6.119e-006
-0.738, -6.118e-006
-0.739, -6.157e-006
-0.740, -6.165e-006
-0.741, -6.173e-006
-0.742, -6.207e-006
-0.743, -6.242e-006
-0.744, -6.248e-006
-0.745, -6.264e-006
-0.746, -6.282e-006
-0.747, -6.285e-006
-0.748, -6.331e-006
-0.749, -6.327e-006
-0.750, -6.346e-006
-0.751, -6.374e-006
-0.752, -6.402e-006
-0.753, -6.417e-006
-0.754, -6.440e-006
-0.755, -6.442e-006
-0.756, -6.468e-006
-0.757, -6.497e-006
-0.758, -6.524e-006
-0.759, -6.543e-006
-0.760, -6.572e-006
-0.761, -6.589e-006
-0.762, -6.579e-006
-0.763, -6.621e-006
-0.764, -6.652e-006
-0.765, -6.681e-006
-0.766, -6.715e-006
-0.767, -6.728e-006
-0.768, -6.752e-006
-0.769, -6.784e-006
-0.770, -6.797e-006
-0.771, -6.821e-006
-0.772, -6.849e-006
-0.773, -6.863e-006
-0.774, -6.892e-006
-0.775, -6.905e-006
-0.776, -6.940e-006
-0.777, -6.959e-006
-0.778, -6.994e-006
-0.779, -7.017e-006
-0.780, -7.040e-006
-0.781, -7.054e-006
-0.782, -7.073e-006
-0.783, -7.115e-006
-0.784, -7.149e-006
-0.785, -7.171e-006
-0.786, -7.205e-006
-0.787, -7.218e-006
-0.788, -7.259e-006
-0.789, -7.264e-006
-0.790, -7.306e-006
-0.791, -7.357e-006
-0.792, -7.378e-006
-0.793, -7.414e-006
-0.794, -7.466e-006
-0.795, -7.476e-006
-0.796, -7.500e-006
-0.797, -7.522e-006
-0.798, -7.567e-006
-0.799, -7.598e-006
-0.800, -6.617e-006
-0.799, -3.665e-006
-0.798, -2.808e-006
-0.797, -2.492e-006
-0.796, -2.260e-006
-0.795, -2.083e-006
-0.794, -1.922e-006
-0.793, -1.788e-006
-0.792, -1.670e-006
-0.791, -1.562e-006
-0.790, -1.455e-006
-0.789, -1.381e-006
-0.788, -1.291e-006
-0.787, -1.220e-006
-0.786, -1.134e-006
-0.785, -1.076e-006
-0.784, -9.984e-007
-0.783, -9.367e-007
-0.782, -8.844e-007
-0.781, -8.211e-007
-0.780, -7.784e-007
-0.779, -7.094e-007
-0.778, -6.774e-007
-0.777, -6.170e-007
-0.776, -5.818e-007
-0.775, -5.346e-007
-0.774, -5.189e-007
-0.773, -4.619e-007
-0.772, -4.214e-007
-0.771, -3.710e-007
-0.770, -3.440e-007
-0.769, -3.212e-007
-0.768, -2.630e-007
-0.767, -2.303e-007
-0.766, -2.204e-007
-0.765, -1.921e-007
-0.764, -1.577e-007
-0.763, -1.378e-007
-0.762, -1.086e-007
-0.761, -8.574e-008
-0.760, -5.851e-008
-0.759, -3.344e-008
-0.758, -1.414e-008
-0.757, +5.740e-009
-0.756, +3.316e-008
-0.755, +3.767e-008
-0.754, +7.205e-008
-0.753, +8.743e-008
-0.752, +1.249e-007
-0.751, +1.386e-007
-0.750, +1.497e-007
-0.749, +1.665e-007
-0.748, +1.777e-007
-0.747, +2.036e-007
-0.746, +2.189e-007
-0.745, +2.474e-007
-0.744, +2.531e-007
-0.743, +2.761e-007
-0.742, +3.206e-007
-0.741, +3.102e-007
-0.740, +3.094e-007
-0.739, +3.225e-007
-0.738, +3.494e-007
-0.737, +3.583e-007
-0.736, +3.635e-007
-0.735, +3.733e-007
-0.734, +3.872e-007
-0.733, +4.132e-007
-0.732, +4.209e-007
-0.731, +4.212e-007
-0.730, +4.395e-007
-0.729, +4.392e-007
-0.728, +4.580e-007
-0.727, +4.895e-007
-0.726, +4.796e-007
-0.725, +4.967e-007
-0.724, +5.038e-007
-0.723, +5.115e-007
-0.722, +5.246e-007
-0.721, +5.308e-007
-0.720, +5.493e-007
-0.719, +5.650e-007
-0.718, +5.715e-007
-0.717, +6.088e-007
-0.716, +6.180e-007
-0.715, +5.964e-007
-0.714, +6.014e-007
-0.713, +6.210e-007
-0.712, +6.180e-007
-0.711, +6.246e-007
-0.710, +6.183e-007
-0.709, +6.414e-007
-0.708, +6.424e-007
-0.707, +6.679e-007
-0.706, +6.719e-007
-0.705, +6.691e-007
-0.704, +6.613e-007
-0.703, +6.807e-007
-0.702, +6.854e-007
-0.701, +6.899e-007
-0.700, +7.123e-007
-0.699, +7.208e-007
-0.698, +7.054e-007
-0.697, +7.145e-007
-0.696, +7.229e-007
-0.695, +7.321e-007
-0.694, +7.513e-007
-0.693, +7.473e-007
-0.692, +7.490e-007
-0.691, +7.802e-007
-0.690, +7.709e-007
-0.689, +7.681e-007
-0.688, +7.720e-007
-0.687, +7.882e-007
-0.686, +7.835e-007
-0.685, +7.944e-007
-0.684, +7.862e-007
-0.683, +8.023e-007
-0.682, +8.168e-007
-0.681, +8.152e-007
-0.680, +8.203e-007
-0.679, +8.198e-007
-0.678, +8.015e-007
-0.677, +8.281e-007
-0.676, +8.385e-007
-0.675, +8.414e-007
-0.674, +8.422e-007
-0.673, +8.528e-007
-0.672, +8.479e-007
-0.671, +8.437e-007
-0.670, +8.546e-007
-0.669, +8.652e-007
-0.668, +8.712e-007
-0.667, +8.740e-007
-0.666, +8.864e-007
-0.665, +8.966e-007
-0.664, +8.813e-007
-0.663, +8.809e-007
-0.662, +8.950e-007
-0.661, +9.010e-007
-0.660, +8.955e-007
-0.659, +8.863e-007
-0.658, +9.031e-007
-0.657, +9.078e-007
-0.656, +9.091e-007
-0.655, +9.212e-007
-0.654, +9.169e-007
-0.653, +9.071e-007
-0.652, +9.173e-007
-0.651, +9.160e-007
-0.650, +9.361e-007
-0.649, +9.402e-007
-0.648, +9.299e-007
-0.647, +9.449e-007
-0.646, +9.372e-007
-0.645, +9.412e-007
-0.644, +9.466e-007
-0.643, +9.521e-007
-0.642, +9.513e-007
-0.641, +9.652e-007
-0.640, +9.677e-007
-0.639, +9.757e-007
-0.638, +9.718e-007
-0.637, +9.700e-007
-0.636, +9.820e-007
-0.635, +9.607e-007
-0.634, +9.781e-007
-0.633, +9.732e-007
-0.632, +9.843e-007
-0.631, +9.733e-007
-0.630, +9.876e-007
-0.629, +9.885e-007
-0.628, +9.861e-007
-0.627, +9.698e-007
-0.626, +9.921e-007
-0.625, +1.002e-006
-0.624, +1.002e-006
-0.623, +1.007e-006
-0.622, +9.983e-007
-0.621, +9.981e-007
-0.620, +9.986e-007
-0.619, +1.008e-006
-0.618, +1.014e-006
-0.617, +1.023e-006
-0.616, +1.016e-006
-0.615, +1.025e-006
-0.614, +1.088e-006
-0.613, +1.023e-006
-0.612, +1.035e-006
-0.611, +1.021e-006
-0.610, +1.031e-006
-0.609, +1.041e-006
-0.608, +1.027e-006
-0.607, +1.024e-006
-0.606, +1.041e-006
-0.605, +1.042e-006
-0.604, +1.036e-006
-0.603, +1.043e-006
-0.602, +1.042e-006
-0.601, +1.033e-006
-0.600, +1.036e-006
-0.599, +1.049e-006
-0.598, +1.061e-006
-0.597, +1.055e-006
-0.596, +1.045e-006
-0.595, +1.039e-006
-0.594, +1.051e-006
-0.593, +1.059e-006
-0.592, +1.074e-006
-0.591, +1.066e-006
-0.590, +1.057e-006
-0.589, +1.077e-006
-0.588, +1.089e-006
-0.587, +1.065e-006
-0.586, +1.081e-006
-0.585, +1.084e-006
-0.584, +1.070e-006
-0.583, +1.076e-006
-0.582, +1.068e-006
-0.581, +1.074e-006
-0.580, +1.067e-006
-0.579, +1.083e-006
-0.578, +1.087e-006
-0.577, +1.082e-006
-0.576, +1.073e-006
-0.575, +1.090e-006
-0.574, +1.083e-006
-0.573, +1.099e-006
-0.572, +1.095e-006
-0.571, +1.091e-006
-0.570, +1.096e-006
-0.569, +1.094e-006
-0.568, +1.104e-006
-0.567, +1.099e-006
-0.566, +1.105e-006
-0.565, +1.105e-006
-0.564, +1.107e-006
-0.563, +1.130e-006
-0.562, +1.115e-006
-0.561, +1.110e-006
-0.560, +1.121e-006
-0.559, +1.111e-006
-0.558, +1.112e-006
-0.557, +1.116e-006
-0.556, +1.113e-006
-0.555, +1.107e-006
-0.554, +1.127e-006
-0.553, +1.125e-006
-0.552, +1.129e-006
-0.551, +1.124e-006
-0.550, +1.120e-006
-0.549, +1.111e-006
-0.548, +1.130e-006
-0.547, +1.125e-006
-0.546, +1.129e-006
-0.545, +1.126e-006
-0.544, +1.126e-006
-0.543, +1.128e-006
-0.542, +1.131e-006
-0.541, +1.137e-006
-0.540, +1.145e-006
-0.539, +1.130e-006
-0.538, +1.147e-006
-0.537, +1.167e-006
-0.536, +1.155e-006
-0.535, +1.148e-006
-0.534, +1.144e-006
-0.533, +1.146e-006
-0.532, +1.161e-006
-0.531, +1.140e-006
-0.530, +1.143e-006
-0.529, +1.152e-006
-0.528, +1.164e-006
-0.527, +1.166e-006
-0.526, +1.149e-006
-0.525, +1.154e-006
-0.524, +1.152e-006
-0.523, +1.149e-006
-0.522, +1.162e-006
-0.521, +1.160e-006
-0.520, +1.170e-006
-0.519, +1.170e-006
-0.518, +1.150e-006
-0.517, +1.170e-006
-0.516, +1.176e-006
-0.515, +1.173e-006
-0.514, +1.172e-006
-0.513, +1.174e-006
-0.512, +1.223e-006
-0.511, +1.206e-006
-0.510, +1.184e-006
-0.509, +1.190e-006
-0.508, +1.185e-006
-0.507, +1.180e-006
-0.506, +1.187e-006
-0.505, +1.176e-006
-0.504, +1.191e-006
-0.503, +1.195e-006
-0.502, +1.188e-006
-0.501, +1.189e-006
-0.500, +1.189e-006
-0.499, +1.170e-006
-0.498, +1.188e-006
-0.497, +1.204e-006
-0.496, +1.198e-006
-0.495, +1.192e-006
-0.494, +1.187e-006
-0.493, +1.200e-006
-0.492, +1.210e-006
-0.491, +1.194e-006
-0.490, +1.209e-006
-0.489, +1.209e-006
-0.488, +1.207e-006
-0.487, +1.215e-006
-0.486, +1.235e-006
-0.485, +1.217e-006
-0.484, +1.217e-006
-0.483, +1.219e-006
-0.482, +1.218e-006
-0.481, +1.219e-006
-0.480, +1.204e-006
-0.479, +1.217e-006
-0.478, +1.227e-006
-0.477, +1.224e-006
-0.476, +1.216e-006
-0.475, +1.225e-006
-0.474, +1.221e-006
-0.473, +1.214e-006
-0.472, +1.223e-006
-0.471, +1.234e-006
-0.470, +1.232e-006
-0.469, +1.221e-006
-0.468, +1.239e-006
-0.467, +1.230e-006
-0.466, +1.233e-006
-0.465, +1.234e-006
-0.464, +1.247e-006
-0.463, +1.241e-006
-0.462, +1.241e-006
-0.461, +1.262e-006
-0.460, +1.264e-006
-0.459, +1.248e-006
-0.458, +1.256e-006
-0.457, +1.246e-006
-0.456, +1.256e-006
-0.455, +1.250e-006
-0.454, +1.247e-006
-0.453, +1.262e-006
-0.452, +1.257e-006
-0.451, +1.259e-006
-0.450, +1.271e-006
-0.449, +1.263e-006
-0.448, +1.242e-006
-0.447, +1.267e-006
-0.446, +1.264e-006
-0.445, +1.269e-006
-0.444, +1.271e-006
-0.443, +1.267e-006
-0.442, +1.276e-006
-0.441, +1.264e-006
-0.440, +1.275e-006
-0.439, +1.272e-006
-0.438, +1.282e-006
-0.437, +1.276e-006
-0.436, +1.279e-006
-0.435, +1.301e-006
-0.434, +1.294e-006
-0.433, +1.282e-006
-0.432, +1.290e-006
-0.431, +1.289e-006
-0.430, +1.282e-006
-0.429, +1.279e-006
-0.428, +1.287e-006
-0.427, +1.290e-006
-0.426, +1.308e-006
-0.425, +1.284e-006
-0.424, +1.294e-006
-0.423, +1.286e-006
-0.422, +1.287e-006
-0.421, +1.310e-006
-0.420, +1.310e-006
-0.419, +1.306e-006
-0.418, +1.315e-006
-0.417, +1.304e-006
-0.416, +1.299e-006
-0.415, +1.310e-006
-0.414, +1.304e-006
-0.413, +1.312e-006
-0.412, +1.322e-006
-0.411, +1.313e-006
-0.410, +1.295e-006
-0.409, +1.244e-006
-0.408, +1.313e-006
-0.407, +1.329e-006
-0.406, +1.316e-006
-0.405, +1.327e-006
-0.404, +1.332e-006
-0.403, +1.320e-006
-0.402, +1.325e-006
-0.401, +1.330e-006
-0.400, +1.332e-006
-0.399, +1.337e-006
-0.398, +1.344e-006
-0.397, +1.337e-006
-0.396, +1.338e-006
-0.395, +1.331e-006
-0.394, +1.343e-006
-0.393, +1.354e-006
-0.392, +1.335e-006
-0.391, +1.351e-006
-0.390, +1.349e-006
-0.389, +1.346e-006
-0.388, +1.350e-006
-0.387, +1.339e-006
-0.386, +1.362e-006
-0.385, +1.364e-006
-0.384, +1.372e-006
-0.383, +1.371e-006
-0.382, +1.365e-006
-0.381, +1.364e-006
-0.380, +1.365e-006
-0.379, +1.368e-006
-0.378, +1.358e-006
-0.377, +1.350e-006
-0.376, +1.367e-006
-0.375, +1.373e-006
-0.374, +1.366e-006
-0.373, +1.383e-006
-0.372, +1.377e-006
-0.371, +1.362e-006
-0.370, +1.373e-006
-0.369, +1.371e-006
-0.368, +1.385e-006
-0.367, +1.383e-006
-0.366, +1.371e-006
-0.365, +1.379e-006
-0.364, +1.384e-006
-0.363, +1.389e-006
-0.362, +1.392e-006
-0.361, +1.383e-006
-0.360, +1.390e-006
-0.359, +1.411e-006
-0.358, +1.414e-006
-0.357, +1.400e-006
-0.356, +1.409e-006
-0.355, +1.391e-006
-0.354, +1.408e-006
-0.353, +1.401e-006
-0.352, +1.405e-006
-0.351, +1.405e-006
-0.350, +1.406e-006
-0.349, +1.411e-006
-0.348, +1.419e-006
-0.347, +1.412e-006
-0.346, +1.401e-006
-0.345, +1.405e-006
-0.344, +1.414e-006
-0.343, +1.419e-006
-0.342, +1.424e-006
-0.341, +1.426e-006
-0.340, +1.424e-006
-0.339, +1.418e-006
-0.338, +1.436e-006
-0.337, +1.418e-006
-0.336, +1.433e-006
-0.335, +1.449e-006
-0.334, +1.432e-006
-0.333, +1.442e-006
-0.332, +1.453e-006
-0.331, +1.436e-006
-0.330, +1.458e-006
-0.329, +1.439e-006
-0.328, +1.456e-006
-0.327, +1.454e-006
-0.326, +1.427e-006
-0.325, +1.445e-006
-0.324, +1.460e-006
-0.323, +1.446e-006
-0.322, +1.462e-006
-0.321, +1.447e-006
-0.320, +1.438e-006
-0.319, +1.464e-006
-0.318, +1.468e-006
-0.317, +1.467e-006
-0.316, +1.475e-006
-0.315, +1.457e-006
-0.314, +1.473e-006
-0.313, +1.470e-006
-0.312, +1.471e-006
-0.311, +1.471e-006
-0.310, +1.473e-006
-0.309, +1.487e-006
-0.308, +1.475e-006
-0.307, +1.529e-006
-0.306, +1.510e-006
-0.305, +1.489e-006
-0.304, +1.496e-006
-0.303, +1.498e-006
-0.302, +1.490e-006
-0.301, +1.499e-006
-0.300, +1.494e-006
-0.299, +1.502e-006
-0.298, +1.507e-006
-0.297, +1.500e-006
-0.296, +1.509e-006
-0.295, +1.521e-006
-0.294, +1.490e-006
-0.293, +1.514e-006
-0.292, +1.519e-006
-0.291, +1.513e-006
-0.290, +1.522e-006
-0.289, +1.521e-006
-0.288, +1.512e-006
-0.287, +1.525e-006
-0.286, +1.531e-006
-0.285, +1.533e-006
-0.284, +1.531e-006
-0.283, +1.530e-006
-0.282, +1.548e-006
-0.281, +1.563e-006
-0.280, +1.544e-006
-0.279, +1.547e-006
-0.278, +1.556e-006
-0.277, +1.565e-006
-0.276, +1.555e-006
-0.275, +1.545e-006
-0.274, +1.557e-006
-0.273, +1.559e-006
-0.272, +1.572e-006
-0.271, +1.575e-006
-0.270, +1.574e-006
-0.269, +1.576e-006
-0.268, +1.580e-006
-0.267, +1.573e-006
-0.266, +1.595e-006
-0.265, +1.592e-006
-0.264, +1.581e-006
-0.263, +1.597e-006
-0.262, +1.587e-006
-0.261, +1.615e-006
-0.260, +1.613e-006
-0.259, +1.610e-006
-0.258, +1.616e-006
-0.257, +1.618e-006
-0.256, +1.644e-006
-0.255, +1.634e-006
-0.254, +1.628e-006
-0.253, +1.640e-006
-0.252, +1.650e-006
-0.251, +1.640e-006
-0.250, +1.649e-006
-0.249, +1.649e-006
-0.248, +1.648e-006
-0.247, +1.669e-006
-0.246, +1.674e-006
-0.245, +1.662e-006
-0.244, +1.672e-006
-0.243, +1.668e-006
-0.242, +1.681e-006
-0.241, +1.694e-006
-0.240, +1.705e-006
-0.239, +1.712e-006
-0.238, +1.695e-006
-0.237, +1.697e-006
-0.236, +1.714e-006
-0.235, +1.723e-006
-0.234, +1.733e-006
-0.233, +1.738e-006
-0.232, +1.733e-006
-0.231, +1.756e-006
-0.230, +1.779e-006
-0.229, +1.772e-006
-0.228, +1.750e-006
-0.227, +1.780e-006
-0.226, +1.772e-006
-0.225, +1.776e-006
-0.224, +1.781e-006
-0.223, +1.793e-006
-0.222, +1.800e-006
-0.221, +1.810e-006
-0.220, +1.815e-006
-0.219, +1.822e-006
-0.218, +1.828e-006
-0.217, +1.824e-006
-0.216, +1.835e-006
-0.215, +1.861e-006
-0.214, +1.861e-006
-0.213, +1.859e-006
-0.212, +1.878e-006
-0.211, +1.874e-006
-0.210, +1.886e-006
-0.209, +1.899e-006
-0.208, +1.909e-006
-0.207, +1.922e-006
-0.206, +1.919e-006
-0.205, +1.961e-006
-0.204, +1.979e-006
-0.203, +1.958e-006
-0.202, +1.963e-006
-0.201, +1.971e-006
-0.200, +1.977e-006
-0.199, +1.988e-006
-0.198, +1.980e-006
-0.197, +2.003e-006
-0.196, +2.012e-006
-0.195, +2.032e-006
-0.194, +2.031e-006
-0.193, +2.039e-006
-0.192, +2.048e-006
-0.191, +2.058e-006
-0.190, +2.066e-006
-0.189, +2.079e-006
-0.188, +2.088e-006
-0.187, +2.093e-006
-0.186, +2.098e-006
-0.185, +2.109e-006
-0.184, +2.124e-006
-0.183, +2.141e-006
-0.182, +2.151e-006
-0.181, +2.157e-006
-0.180, +2.177e-006
-0.179, +2.205e-006
-0.178, +2.191e-006
-0.177, +2.193e-006
-0.176, +2.223e-006
-0.175, +2.233e-006
-0.174, +2.226e-006
-0.173, +2.240e-006
-0.172, +2.253e-006
-0.171, +2.258e-006
-0.170, +2.273e-006
-0.169, +2.287e-006
-0.168, +2.301e-006
-0.167, +2.304e-006
-0.166, +2.294e-006
-0.165, +2.318e-006
-0.164, +2.333e-006
-0.163, +2.343e-006
-0.162, +2.363e-006
-0.161, +2.353e-006
-0.160, +2.369e-006
-0.159, +2.372e-006
-0.158, +2.403e-006
-0.157, +2.409e-006
-0.156, +2.420e-006
-0.155, +2.426e-006
-0.154, +2.433e-006
-0.153, +2.459e-006
-0.152, +2.448e-006
-0.151, +2.452e-006
-0.150, +2.479e-006
-0.149, +2.487e-006
-0.148, +2.486e-006
-0.147, +2.488e-006
-0.146, +2.504e-006
-0.145, +2.509e-006
-0.144, +2.518e-006
-0.143, +2.525e-006
-0.142, +2.527e-006
-0.141, +2.540e-006
-0.140, +2.541e-006
-0.139, +2.547e-006
-0.138, +2.568e-006
-0.137, +2.572e-006
-0.136, +2.569e-006
-0.135, +2.580e-006
-0.134, +2.574e-006
-0.133, +2.590e-006
-0.132, +2.595e-006
-0.131, +2.605e-006
-0.130, +2.611e-006
-0.129, +2.603e-006
-0.128, +2.633e-006
-0.127, +2.642e-006
-0.126, +2.614e-006
-0.125, +2.628e-006
-0.124, +2.635e-006
-0.123, +2.634e-006
-0.122, +2.636e-006
-0.121, +2.639e-006
-0.120, +2.634e-006
-0.119, +2.650e-006
-0.118, +2.655e-006
-0.117, +2.656e-006
-0.116, +2.649e-006
-0.115, +2.636e-006
-0.114, +2.647e-006
-0.113, +2.657e-006
-0.112, +2.663e-006
-0.111, +2.660e-006
-0.110, +2.660e-006
-0.109, +2.649e-006
-0.108, +2.663e-006
-0.107, +2.656e-006
-0.106, +2.665e-006
-0.105, +2.662e-006
-0.104, +2.661e-006
-0.103, +2.662e-006
-0.102, +2.711e-006
-0.101, +2.673e-006
-0.100, +2.661e-006
-0.099, +2.657e-006
-0.098, +2.656e-006
-0.097, +2.657e-006
-0.096, +2.657e-006
-0.095, +2.653e-006
-0.094, +2.644e-006
-0.093, +2.641e-006
-0.092, +2.657e-006
-0.091, +2.647e-006
-0.090, +2.636e-006
-0.089, +2.625e-006
-0.088, +2.642e-006
-0.087, +2.642e-006
-0.086, +2.625e-006
-0.085, +2.627e-006
-0.084, +2.632e-006
-0.083, +2.617e-006
-0.082, +2.619e-006
-0.081, +2.618e-006
-0.080, +2.611e-006
-0.079, +2.624e-006
-0.078, +2.606e-006
-0.077, +2.618e-006
-0.076, +2.617e-006
-0.075, +2.598e-006
-0.074, +2.598e-006
-0.073, +2.602e-006
-0.072, +2.591e-006
-0.071, +2.594e-006
-0.070, +2.582e-006
-0.069, +2.577e-006
-0.068, +2.581e-006
-0.067, +2.577e-006
-0.066, +2.580e-006
-0.065, +2.572e-006
-0.064, +2.555e-006
-0.063, +2.556e-006
-0.062, +2.555e-006
-0.061, +2.556e-006
-0.060, +2.552e-006
-0.059, +2.550e-006
-0.058, +2.549e-006
-0.057, +2.530e-006
-0.056, +2.525e-006
-0.055, +2.536e-006
-0.054, +2.535e-006
-0.053, +2.535e-006
-0.052, +2.525e-006
-0.051, +2.532e-006
-0.050, +2.520e-006
-0.049, +2.513e-006
-0.048, +2.513e-006
-0.047, +2.505e-006
-0.046, +2.498e-006
-0.045, +2.500e-006
-0.044, +2.496e-006
-0.043, +2.480e-006
-0.042, +2.491e-006
-0.041, +2.486e-006
-0.040, +2.476e-006
-0.039, +2.482e-006
-0.038, +2.463e-006
-0.037, +2.475e-006
-0.036, +2.474e-006
-0.035, +2.464e-006
-0.034, +2.455e-006
-0.033, +2.460e-006
-0.032, +2.455e-006
-0.031, +2.446e-006
-0.030, +2.448e-006
-0.029, +2.447e-006
-0.028, +2.446e-006
-0.027, +2.434e-006
-0.026, +2.435e-006
-0.025, +2.450e-006
-0.024, +2.427e-006
-0.023, +2.425e-006
-0.022, +2.426e-006
-0.021, +2.429e-006
-0.020, +2.415e-006
-0.019, +2.407e-006
-0.018, +2.415e-006
-0.017, +2.408e-006
-0.016, +2.406e-006
-0.015, +2.410e-006
-0.014, +2.400e-006
-0.013, +2.388e-006
-0.012, +2.389e-006
-0.011, +2.386e-006
-0.010, +2.386e-006
-0.009, +2.382e-006
-0.008, +2.382e-006
-0.007, +2.384e-006
-0.006, +2.366e-006
-0.005, +2.372e-006
-0.004, +2.368e-006
-0.003, +2.365e-006
-0.002, +2.365e-006
-0.001, +2.356e-006
-0.000, +2.275e-006
0.001, +2.309e-006
0.002, +2.343e-006
0.003, +2.342e-006
0.004, +2.344e-006
0.005, +2.332e-006
0.006, +2.336e-006
0.007, +2.326e-006
0.008, +2.325e-006
0.009, +2.338e-006
0.010, +2.331e-006
0.011, +2.322e-006
0.012, +2.322e-006
0.013, +2.304e-006
0.014, +2.315e-006
0.015, +2.313e-006
0.016, +2.320e-006
0.017, +2.311e-006
0.018, +2.310e-006
0.019, +2.297e-006
0.020, +2.303e-006
0.021, +2.300e-006
0.022, +2.296e-006
0.023, +2.299e-006
0.024, +2.289e-006
0.025, +2.291e-006
0.026, +2.304e-006
0.027, +2.288e-006
0.028, +2.284e-006
0.029, +2.277e-006
0.030, +2.279e-006
0.031, +2.278e-006
0.032, +2.274e-006
0.033, +2.263e-006
0.034, +2.262e-006
0.035, +2.273e-006
0.036, +2.269e-006
0.037, +2.256e-006
0.038, +2.265e-006
0.039, +2.237e-006
0.040, +2.254e-006
0.041, +2.252e-006
0.042, +2.246e-006
0.043, +2.247e-006
0.044, +2.242e-006
0.045, +2.241e-006
0.046, +2.241e-006
0.047, +2.233e-006
0.048, +2.240e-006
0.049, +2.231e-006
0.050, +2.229e-006
0.051, +2.236e-006
0.052, +2.240e-006
0.053, +2.225e-006
0.054, +2.221e-006
0.055, +2.221e-006
0.056, +2.212e-006
0.057, +2.215e-006
0.058, +2.209e-006
0.059, +2.205e-006
0.060, +2.204e-006
0.061, +2.209e-006
0.062, +2.202e-006
0.063, +2.201e-006
0.064, +2.188e-006
0.065, +2.203e-006
0.066, +2.193e-006
0.067, +2.193e-006
0.068, +2.202e-006
0.069, +2.192e-006
0.070, +2.187e-006
0.071, +2.192e-006
0.072, +2.186e-006
0.073, +2.185e-006
0.074, +2.187e-006
0.075, +2.177e-006
0.076, +2.175e-006
0.077, +2.192e-006
0.078, +2.181e-006
0.079, +2.172e-006
0.080, +2.171e-006
0.081, +2.177e-006
0.082, +2.171e-006
0.083, +2.171e-006
0.084, +2.169e-006
0.085, +2.166e-006
0.086, +2.168e-006
0.087, +2.170e-006
0.088, +2.161e-006
0.089, +2.161e-006
0.090, +2.149e-006
0.091, +2.153e-006
0.092, +2.156e-006
0.093, +2.153e-006
0.094, +2.154e-006
0.095, +2.146e-006
0.096, +2.149e-006
0.097, +2.148e-006
0.098, +2.138e-006
0.099, +2.149e-006
0.100, +2.144e-006
0.101, +2.140e-006
0.102, +2.156e-006
0.103, +2.175e-006
0.104, +2.133e-006
0.105, +2.142e-006
0.106, +2.139e-006
0.107, +2.135e-006
0.108, +2.137e-006
0.109, +2.125e-006
0.110, +2.129e-006
0.111, +2.130e-006
0.112, +2.130e-006
0.113, +2.132e-006
0.114, +2.124e-006
0.115, +2.117e-006
0.116, +2.122e-006
0.117, +2.122e-006
0.118, +2.118e-006
0.119, +2.126e-006
0.120, +2.123e-006
0.121, +2.122e-006
0.122, +2.113e-006
0.123, +2.119e-006
0.124, +2.122e-006
0.125, +2.118e-006
0.126, +2.114e-006
0.127, +2.111e-006
0.128, +2.122e-006
0.129, +2.125e-006
0.130, +2.108e-006
0.131, +2.118e-006
0.132, +2.115e-006
0.133, +2.104e-006
0.134, +2.106e-006
0.135, +2.100e-006
0.136, +2.099e-006
0.137, +2.104e-006
0.138, +2.103e-006
0.139, +2.097e-006
0.140, +2.101e-006
0.141, +2.085e-006
0.142, +2.098e-006
0.143, +2.100e-006
0.144, +2.098e-006
0.145, +2.102e-006
0.146, +2.093e-006
0.147, +2.092e-006
0.148, +2.087e-006
0.149, +2.087e-006
0.150, +2.097e-006
0.151, +2.098e-006
0.152, +2.090e-006
0.153, +2.095e-006
0.154, +2.103e-006
0.155, +2.087e-006
0.156, +2.090e-006
0.157, +2.085e-006
0.158, +2.083e-006
0.159, +2.086e-006
0.160, +2.088e-006
0.161, +2.079e-006
0.162, +2.085e-006
0.163, +2.087e-006
0.164, +2.088e-006
0.165, +2.081e-006
0.166, +2.080e-006
0.167, +2.072e-006
0.168, +2.077e-006
0.169, +2.083e-006
0.170, +2.079e-006
0.171, +2.081e-006
0.172, +2.084e-006
0.173, +2.067e-006
0.174, +2.082e-006
0.175, +2.079e-006
0.176, +2.077e-006
0.177, +2.075e-006
0.178, +2.067e-006
0.179, +2.089e-006
0.180, +2.087e-006
0.181, +2.076e-006
0.182, +2.077e-006
0.183, +2.066e-006
0.184, +2.073e-006
0.185, +2.080e-006
0.186, +2.067e-006
0.187, +2.071e-006
0.188, +2.072e-006
0.189, +2.072e-006
0.190, +2.076e-006
0.191, +2.073e-006
0.192, +2.065e-006
0.193, +2.064e-006
0.194, +2.070e-006
0.195, +2.067e-006
0.196, +2.073e-006
0.197, +2.071e-006
0.198, +2.068e-006
0.199, +2.055e-006
0.200, +2.067e-006
0.201, +2.069e-006
0.202, +2.064e-006
0.203, +2.063e-006
0.204, +2.064e-006
0.205, +2.101e-006
0.206, +2.081e-006
0.207, +2.065e-006
0.208, +2.064e-006
0.209, +2.061e-006
0.210, +2.063e-006
0.211, +2.067e-006
0.212, +2.054e-006
0.213, +2.056e-006
0.214, +2.065e-006
0.215, +2.066e-006
0.216, +2.052e-006
0.217, +2.062e-006
0.218, +2.056e-006
0.219, +2.059e-006
0.220, +2.064e-006
0.221, +2.062e-006
0.222, +2.066e-006
0.223, +2.065e-006
0.224, +2.055e-006
0.225, +2.060e-006
0.226, +2.057e-006
0.227, +2.066e-006
0.228, +2.068e-006
0.229, +2.059e-006
0.230, +2.065e-006
0.231, +2.074e-006
0.232, +2.063e-006
0.233, +2.060e-006
0.234, +2.059e-006
0.235, +2.062e-006
0.236, +2.060e-006
0.237, +2.055e-006
0.238, +2.067e-006
0.239, +2.060e-006
0.240, +2.063e-006
0.241, +2.068e-006
0.242, +2.051e-006
0.243, +2.054e-006
0.244, +2.055e-006
0.245, +2.063e-006
0.246, +2.065e-006
0.247, +2.065e-006
0.248, +2.064e-006
0.249, +2.062e-006
0.250, +2.057e-006
0.251, +2.064e-006
0.252, +2.062e-006
0.253, +2.061e-006
0.254, +2.069e-006
0.255, +2.064e-006
0.256, +2.069e-006
0.257, +2.064e-006
0.258, +2.062e-006
0.259, +2.062e-006
0.260, +2.069e-006
0.261, +2.064e-006
0.262, +2.068e-006
0.263, +2.058e-006
0.264, +2.063e-006
0.265, +2.072e-006
0.266, +2.065e-006
0.267, +2.059e-006
0.268, +2.058e-006
0.269, +2.056e-006
0.270, +2.062e-006
0.271, +2.067e-006
0.272, +2.070e-006
0.273, +2.072e-006
0.274, +2.067e-006
0.275, +2.066e-006
0.276, +2.065e-006
0.277, +2.065e-006
0.278, +2.079e-006
0.279, +2.073e-006
0.280, +2.065e-006
0.281, +2.071e-006
0.282, +2.088e-006
0.283, +2.072e-006
0.284, +2.070e-006
0.285, +2.071e-006
0.286, +2.079e-006
0.287, +2.068e-006
0.288, +2.067e-006
0.289, +2.076e-006
0.290, +2.068e-006
0.291, +2.076e-006
0.292, +2.083e-006
0.293, +2.071e-006
0.294, +2.073e-006
0.295, +2.072e-006
0.296, +2.072e-006
0.297, +2.075e-006
0.298, +2.076e-006
0.299, +2.075e-006
0.300, +2.076e-006
0.301, +2.069e-006
0.302, +2.074e-006
0.303, +2.080e-006
0.304, +2.079e-006
0.305, +2.082e-006
0.306, +2.082e-006
0.307, +2.101e-006
0.308, +2.107e-006
0.309, +2.079e-006
0.310, +2.086e-006
0.311, +2.087e-006
0.312, +2.082e-006
0.313, +2.088e-006
0.314, +2.078e-006
0.315, +2.087e-006
0.316, +2.085e-006
0.317, +2.079e-006
0.318, +2.087e-006
0.319, +2.091e-006
0.320, +2.081e-006
0.321, +2.086e-006
0.322, +2.083e-006
0.323, +2.087e-006
0.324, +2.093e-006
0.325, +2.089e-006
0.326, +2.092e-006
0.327, +2.088e-006
0.328, +2.087e-006
0.329, +2.096e-006
0.330, +2.094e-006
0.331, +2.091e-006
0.332, +2.088e-006
0.333, +2.102e-006
0.334, +2.104e-006
0.335, +2.095e-006
0.336, +2.098e-006
0.337, +2.096e-006
0.338, +2.091e-006
0.339, +2.098e-006
0.340, +2.095e-006
0.341, +2.100e-006
0.342, +2.103e-006
0.343, +2.097e-006
0.344, +2.098e-006
0.345, +2.100e-006
0.346, +2.087e-006
0.347, +2.095e-006
0.348, +2.099e-006
0.349, +2.102e-006
0.350, +2.103e-006
0.351, +2.101e-006
0.352, +2.097e-006
0.353, +2.101e-006
0.354, +2.096e-006
0.355, +2.102e-006
0.356, +2.107e-006
0.357, +2.107e-006
0.358, +2.111e-006
0.359, +2.118e-006
0.360, +2.107e-006
0.361, +2.108e-006
0.362, +2.108e-006
0.363, +2.105e-006
0.364, +2.110e-006
0.365, +2.101e-006
0.366, +2.107e-006
0.367, +2.105e-006
0.368, +2.108e-006
0.369, +2.110e-006
0.370, +2.107e-006
0.371, +2.110e-006
0.372, +2.107e-006
0.373, +2.111e-006
0.374, +2.109e-006
0.375, +2.116e-006
0.376, +2.111e-006
0.377, +2.110e-006
0.378, +2.108e-006
0.379, +2.114e-006
0.380, +2.116e-006
0.381, +2.116e-006
0.382, +2.119e-006
0.383, +2.115e-006
0.384, +2.122e-006
0.385, +2.120e-006
0.386, +2.107e-006
0.387, +2.113e-006
0.388, +2.117e-006
0.389, +2.110e-006
0.390, +2.115e-006
0.391, +2.112e-006
0.392, +2.113e-006
0.393, +2.116e-006
0.394, +2.119e-006
0.395, +2.114e-006
0.396, +2.114e-006
0.397, +2.106e-006
0.398, +2.112e-006
0.399, +2.114e-006
0.400, +2.116e-006
0.401, +2.117e-006
0.402, +2.110e-006
0.403, +2.114e-006
0.404, +2.113e-006
0.405, +2.115e-006
0.406, +2.118e-006
0.407, +2.115e-006
0.408, +2.113e-006
0.409, +2.115e-006
0.410, +2.028e-006
0.411, +2.099e-006
0.412, +2.111e-006
0.413, +2.119e-006
0.414, +2.122e-006
0.415, +2.113e-006
0.416, +2.111e-006
0.417, +2.117e-006
0.418, +2.112e-006
0.419, +2.114e-006
0.420, +2.124e-006
0.421, +2.114e-006
0.422, +2.117e-006
0.423, +2.110e-006
0.424, +2.110e-006
0.425, +2.126e-006
0.426, +2.116e-006
0.427, +2.115e-006
0.428, +2.116e-006
0.429, +2.113e-006
0.430, +2.122e-006
0.431, +2.120e-006
0.432, +2.122e-006
0.433, +2.122e-006
0.434, +2.115e-006
0.435, +2.131e-006
0.436, +2.127e-006
0.437, +2.116e-006
0.438, +2.118e-006
0.439, +2.121e-006
0.440, +2.117e-006
0.441, +2.122e-006
0.442, +2.109e-006
0.443, +2.114e-006
0.444, +2.116e-006
0.445, +2.117e-006
0.446, +2.126e-006
0.447, +2.111e-006
0.448, +2.108e-006
0.449, +2.112e-006
0.450, +2.119e-006
0.451, +2.123e-006
0.452, +2.117e-006
0.453, +2.116e-006
0.454, +2.118e-006
0.455, +2.108e-006
0.456, +2.106e-006
0.457, +2.117e-006
0.458, +2.124e-006
0.459, +2.115e-006
0.460, +2.115e-006
0.461, +2.124e-006
0.462, +2.110e-006
0.463, +2.112e-006
0.464, +2.109e-006
0.465, +2.120e-006
0.466, +2.112e-006
0.467, +2.109e-006
0.468, +2.116e-006
0.469, +2.118e-006
0.470, +2.115e-006
0.471, +2.112e-006
0.472, +2.110e-006
0.473, +2.107e-006
0.474, +2.099e-006
0.475, +2.106e-006
0.476, +2.109e-006
0.477, +2.114e-006
0.478, +2.111e-006
0.479, +2.110e-006
0.480, +2.103e-006
0.481, +2.102e-006
0.482, +2.102e-006
0.483, +2.108e-006
0.484, +2.102e-006
0.485, +2.106e-006
0.486, +2.111e-006
0.487, +2.117e-006
0.488, +2.107e-006
0.489, +2.106e-006
0.490, +2.105e-006
0.491, +2.102e-006
0.492, +2.108e-006
0.493, +2.100e-006
0.494, +2.106e-006
0.495, +2.103e-006
0.496, +2.105e-006
0.497, +2.108e-006
0.498, +2.100e-006
0.499, +2.096e-006
0.500, +2.095e-006
0.501, +2.100e-006
0.502, +2.100e-006
0.503, +2.099e-006
0.504, +2.103e-006
0.505, +2.093e-006
0.506, +2.095e-006
0.507, +2.096e-006
0.508, +2.099e-006
0.509, +2.096e-006
0.510, +2.099e-006
0.511, +2.095e-006
0.512, +2.121e-006
0.513, +2.105e-006
0.514, +2.095e-006
0.515, +2.099e-006
0.516, +2.099e-006
0.517, +2.091e-006
0.518, +2.091e-006
0.519, +2.090e-006
0.520, +2.090e-006
0.521, +2.090e-006
0.522, +2.095e-006
0.523, +2.089e-006
0.524, +2.090e-006
0.525, +2.079e-006
0.526, +2.088e-006
0.527, +2.087e-006
0.528, +2.089e-006
0.529, +2.087e-006
0.530, +2.084e-006
0.531, +2.086e-006
0.532, +2.087e-006
0.533, +2.085e-006
0.534, +2.085e-006
0.535, +2.081e-006
0.536, +2.081e-006
0.537, +2.084e-006
0.538, +2.095e-006
0.539, +2.083e-006
0.540, +2.080e-006
0.541, +2.083e-006
0.542, +2.082e-006
0.543, +2.079e-006
0.544, +2.078e-006
0.545, +2.081e-006
0.546, +2.080e-006
0.547, +2.076e-006
0.548, +2.081e-006
0.549, +2.074e-006
0.550, +2.079e-006
0.551, +2.067e-006
0.552, +2.067e-006
0.553, +2.079e-006
0.554, +2.079e-006
0.555, +2.075e-006
0.556, +2.073e-006
0.557, +2.066e-006
0.558, +2.075e-006
0.559, +2.072e-006
0.560, +2.073e-006
0.561, +2.074e-006
0.562, +2.068e-006
0.563, +2.079e-006
0.564, +2.077e-006
0.565, +2.073e-006
0.566, +2.066e-006
0.567, +2.075e-006
0.568, +2.066e-006
0.569, +2.067e-006
0.570, +2.065e-006
0.571, +2.062e-006
0.572, +2.064e-006
0.573, +2.068e-006
0.574, +2.066e-006
0.575, +2.067e-006
0.576, +2.061e-006
0.577, +2.068e-006
0.578, +2.066e-006
0.579, +2.064e-006
0.580, +2.062e-006
0.581, +2.060e-006
0.582, +2.057e-006
0.583, +2.059e-006
0.584, +2.062e-006
0.585, +2.063e-006
0.586, +2.060e-006
0.587, +2.062e-006
0.588, +2.061e-006
0.589, +2.072e-006
0.590, +2.060e-006
0.591, +2.062e-006
0.592, +2.062e-006
0.593, +2.064e-006
0.594, +2.056e-006
0.595, +2.059e-006
0.596, +2.061e-006
0.597, +2.051e-006
0.598, +2.056e-006
0.599, +2.063e-006
0.600, +2.057e-006
0.601, +2.057e-006
0.602, +2.053e-006
0.603, +2.055e-006
0.604, +2.056e-006
0.605, +2.058e-006
0.606, +2.059e-006
0.607, +2.055e-006
0.608, +2.048e-006
0.609, +2.057e-006
0.610, +2.053e-006
0.611, +2.057e-006
0.612, +2.060e-006
0.613, +2.053e-006
0.614, +2.062e-006
0.615, +2.081e-006
0.616, +2.053e-006
0.617, +2.056e-006
0.618, +2.055e-006
0.619, +2.050e-006
0.620, +2.051e-006
0.621, +2.052e-006
0.622, +2.049e-006
0.623, +2.050e-006
0.624, +2.055e-006
0.625, +2.057e-006
0.626, +2.054e-006
0.627, +2.050e-006
0.628, +2.051e-006
0.629, +2.050e-006
0.630, +2.058e-006
0.631, +2.055e-006
0.632, +2.050e-006
0.633, +2.052e-006
0.634, +2.045e-006
0.635, +2.052e-006
0.636, +2.055e-006
0.637, +2.053e-006
0.638, +2.051e-006
0.639, +2.052e-006
0.640, +2.063e-006
0.641, +2.058e-006
0.642, +2.046e-006
0.643, +2.053e-006
0.644, +2.050e-006
0.645, +2.049e-006
0.646, +2.052e-006
0.647, +2.052e-006
0.648, +2.048e-006
0.649, +2.050e-006
0.650, +2.051e-006
0.651, +2.052e-006
0.652, +2.051e-006
0.653, +2.047e-006
0.654, +2.052e-006
0.655, +2.050e-006
0.656, +2.054e-006
0.657, +2.058e-006
0.658, +2.048e-006
0.659, +2.055e-006
0.660, +2.054e-006
0.661, +2.049e-006
0.662, +2.057e-006
0.663, +2.057e-006
0.664, +2.054e-006
0.665, +2.060e-006
0.666, +2.064e-006
0.667, +2.057e-006
0.668, +2.059e-006
0.669, +2.056e-006
0.670, +2.057e-006
0.671, +2.057e-006
0.672, +2.055e-006
0.673, +2.053e-006
0.674, +2.055e-006
0.675, +2.057e-006
0.676, +2.062e-006
0.677, +2.054e-006
0.678, +2.063e-006
0.679, +2.054e-006
0.680, +2.058e-006
0.681, +2.061e-006
0.682, +2.057e-006
0.683, +2.064e-006
0.684, +2.066e-006
0.685, +2.059e-006
0.686, +2.065e-006
0.687, +2.066e-006
0.688, +2.066e-006
0.689, +2.069e-006
0.690, +2.068e-006
0.691, +2.075e-006
0.692, +2.073e-006
0.693, +2.064e-006
0.694, +2.071e-006
0.695, +2.066e-006
0.696, +2.071e-006
0.697, +2.073e-006
0.698, +2.062e-006
0.699, +2.070e-006
0.700, +2.069e-006
0.701, +2.070e-006
0.702, +2.073e-006
0.703, +2.074e-006
0.704, +2.067e-006
0.705, +2.064e-006
0.706, +2.067e-006
0.707, +2.074e-006
0.708, +2.078e-006
0.709, +2.070e-006
0.710, +2.075e-006
0.711, +2.077e-006
0.712, +2.075e-006
0.713, +2.079e-006
0.714, +2.081e-006
0.715, +2.081e-006
0.716, +2.082e-006
0.717, +2.106e-006
0.718, +2.095e-006
0.719, +2.090e-006
0.720, +2.082e-006
0.721, +2.088e-006
0.722, +2.081e-006
0.723, +2.080e-006
0.724, +2.084e-006
0.725, +2.085e-006
0.726, +2.091e-006
0.727, +2.086e-006
0.728, +2.085e-006
0.729, +2.095e-006
0.730, +2.087e-006
0.731, +2.093e-006
0.732, +2.093e-006
0.733, +2.097e-006
0.734, +2.098e-006
0.735, +2.100e-006
0.736, +2.097e-006
0.737, +2.100e-006
0.738, +2.104e-006
0.739, +2.105e-006
0.740, +2.104e-006
0.741, +2.105e-006
0.742, +2.110e-006
0.743, +2.117e-006
0.744, +2.109e-006
0.745, +2.109e-006
0.746, +2.110e-006
0.747, +2.112e-006
0.748, +2.115e-006
0.749, +2.108e-006
0.750, +2.106e-006
0.751, +2.112e-006
0.752, +2.115e-006
0.753, +2.114e-006
0.754, +2.114e-006
0.755, +2.117e-006
0.756, +2.114e-006
0.757, +2.121e-006
0.758, +2.124e-006
0.759, +2.123e-006
0.760, +2.122e-006
0.761, +2.126e-006
0.762, +2.124e-006
0.763, +2.128e-006
0.764, +2.133e-006
0.765, +2.133e-006
0.766, +2.132e-006
0.767, +2.133e-006
0.768, +2.139e-006
0.769, +2.143e-006
0.770, +2.137e-006
0.771, +2.138e-006
0.772, +2.142e-006
0.773, +2.142e-006
0.774, +2.140e-006
0.775, +2.145e-006
0.776, +2.142e-006
0.777, +2.143e-006
0.778, +2.146e-006
0.779, +2.149e-006
0.780, +2.149e-006
0.781, +2.143e-006
0.782, +2.153e-006
0.783, +2.149e-006
0.784, +2.155e-006
0.785, +2.153e-006
0.786, +2.155e-006
0.787, +2.158e-006
0.788, +2.161e-006
0.789, +2.162e-006
0.790, +2.163e-006
0.791, +2.172e-006
0.792, +2.163e-006
0.793, +2.173e-006
0.794, +2.184e-006
0.795, +2.173e-006
0.796, +2.173e-006
0.797, +2.177e-006
0.798, +2.177e-006
0.799, +2.178e-006
0.800, +2.176e-006
0.801, +2.181e-006
0.802, +2.182e-006
0.803, +2.189e-006
0.804, +2.184e-006
0.805, +2.185e-006
0.806, +2.186e-006
0.807, +2.184e-006
0.808, +2.191e-006
0.809, +2.195e-006
0.810, +2.196e-006
0.811, +2.196e-006
0.812, +2.203e-006
0.813, +2.199e-006
0.814, +2.205e-006
0.815, +2.205e-006
0.816, +2.206e-006
0.817, +2.210e-006
0.818, +2.212e-006
0.819, +2.190e-006
0.820, +2.196e-006
0.821, +2.213e-006
0.822, +2.219e-006
0.823, +2.219e-006
0.824, +2.219e-006
0.825, +2.223e-006
0.826, +2.222e-006
0.827, +2.225e-006
0.828, +2.229e-006
0.829, +2.225e-006
0.830, +2.235e-006
0.831, +2.233e-006
0.832, +2.229e-006
0.833, +2.239e-006
0.834, +2.236e-006
0.835, +2.240e-006
0.836, +2.245e-006
0.837, +2.245e-006
0.838, +2.247e-006
0.839, +2.249e-006
0.840, +2.251e-006
0.841, +2.254e-006
0.842, +2.260e-006
0.843, +2.262e-006
0.844, +2.267e-006
0.845, +2.274e-006
0.846, +2.274e-006
0.847, +2.272e-006
0.848, +2.275e-006
0.849, +2.278e-006
0.850, +2.276e-006
0.851, +2.282e-006
0.852, +2.281e-006
0.853, +2.287e-006
0.854, +2.288e-006
0.855, +2.293e-006
0.856, +2.293e-006
0.857, +2.296e-006
0.858, +2.291e-006
0.859, +2.298e-006
0.860, +2.305e-006
0.861, +2.306e-006
0.862, +2.308e-006
0.863, +2.309e-006
0.864, +2.311e-006
0.865, +2.317e-006
0.866, +2.319e-006
0.867, +2.326e-006
0.868, +2.326e-006
0.869, +2.324e-006
0.870, +2.335e-006
0.871, +2.341e-006
0.872, +2.336e-006
0.873, +2.340e-006
0.874, +2.345e-006
0.875, +2.344e-006
0.876, +2.352e-006
0.877, +2.349e-006
0.878, +2.355e-006
0.879, +2.361e-006
0.880, +2.360e-006
0.881, +2.366e-006
0.882, +2.364e-006
0.883, +2.371e-006
0.884, +2.372e-006
0.885, +2.374e-006
0.886, +2.383e-006
0.887, +2.386e-006
0.888, +2.386e-006
0.889, +2.390e-006
0.890, +2.390e-006
0.891, +2.399e-006
0.892, +2.403e-006
0.893, +2.404e-006
0.894, +2.409e-006
0.895, +2.409e-006
0.896, +2.423e-006
0.897, +2.427e-006
0.898, +2.424e-006
0.899, +2.429e-006
0.900, +2.430e-006
0.901, +2.432e-006
0.902, +2.441e-006
0.903, +2.441e-006
0.904, +2.446e-006
0.905, +2.449e-006
0.906, +2.458e-006
0.907, +2.462e-006
0.908, +2.466e-006
0.909, +2.464e-006
0.910, +2.472e-006
0.911, +2.478e-006
0.912, +2.484e-006
0.913, +2.488e-006
0.914, +2.487e-006
0.915, +2.491e-006
0.916, +2.499e-006
0.917, +2.502e-006
0.918, +2.508e-006
0.919, +2.511e-006
0.920, +2.515e-006
0.921, +2.523e-006
0.922, +2.546e-006
0.923, +2.534e-006
0.924, +2.537e-006
0.925, +2.539e-006
0.926, +2.543e-006
0.927, +2.552e-006
0.928, +2.551e-006
0.929, +2.558e-006
0.930, +2.563e-006
0.931, +2.570e-006
0.932, +2.578e-006
0.933, +2.582e-006
0.934, +2.589e-006
0.935, +2.593e-006
0.936, +2.598e-006
0.937, +2.607e-006
0.938, +2.612e-006
0.939, +2.618e-006
0.940, +2.622e-006
0.941, +2.619e-006
0.942, +2.634e-006
0.943, +2.640e-006
0.944, +2.643e-006
0.945, +2.652e-006
0.946, +2.653e-006
0.947, +2.666e-006
0.948, +2.673e-006
0.949, +2.671e-006
0.950, +2.681e-006
0.951, +2.685e-006
0.952, +2.689e-006
0.953, +2.698e-006
0.954, +2.700e-006
0.955, +2.710e-006
0.956, +2.716e-006
0.957, +2.722e-006
0.958, +2.728e-006
0.959, +2.737e-006
0.960, +2.737e-006
0.961, +2.747e-006
0.962, +2.754e-006
0.963, +2.762e-006
0.964, +2.768e-006
0.965, +2.776e-006
0.966, +2.783e-006
0.967, +2.788e-006
0.968, +2.799e-006
0.969, +2.807e-006
0.970, +2.818e-006
0.971, +2.821e-006
0.972, +2.827e-006
0.973, +2.841e-006
0.974, +2.847e-006
0.975, +2.850e-006
0.976, +2.856e-006
0.977, +2.866e-006
0.978, +2.873e-006
0.979, +2.881e-006
0.980, +2.887e-006
0.981, +2.897e-006
0.982, +2.910e-006
0.983, +2.919e-006
0.984, +2.925e-006
0.985, +2.935e-006
0.986, +2.937e-006
0.987, +2.951e-006
0.988, +2.961e-006
0.989, +2.970e-006
0.990, +2.978e-006
0.991, +2.985e-006
0.992, +2.992e-006
0.993, +3.001e-006
0.994, +3.008e-006
0.995, +3.024e-006
0.996, +3.030e-006
0.997, +3.035e-006
0.998, +3.052e-006
0.999, +3.068e-006
