source program: DIGISIM WINDOWS
program version: 3.05
file type: CV

experimental parameters:
Estart (V): 1.000
Eswitch (V): -0.800
Eend (V): 1.000
v (V/s): 5.000e-002
temperature (K): 298.2
Ru (Ohms): 0
Cdl (F): 0
cycles: 1

experimental CV curve:
number of E(V), I(A) couples: 3600
1.000, +1.256e-006
0.999, +8.081e-007
0.998, +7.024e-007
0.997, +6.762e-007
0.996, +6.529e-007
0.995, +6.312e-007
0.994, +6.077e-007
0.993, +5.947e-007
0.992, +5.814e-007
0.991, +5.619e-007
0.990, +5.445e-007
0.989, +5.261e-007
0.988, +5.115e-007
0.987, +4.963e-007
0.986, +4.868e-007
0.985, +4.748e-007
0.984, +4.568e-007
0.983, +4.484e-007
0.982, +4.333e-007
0.981, +4.251e-007
0.980, +4.123e-007
0.979, +4.047e-007
0.978, +3.905e-007
0.977, +3.824e-007
0.976, +3.728e-007
0.975, +3.609e-007
0.974, +3.514e-007
0.973, +3.336e-007
0.972, +3.264e-007
0.971, +3.227e-007
0.970, +3.099e-007
0.969, +2.982e-007
0.968, +2.941e-007
0.967, +2.828e-007
0.966, +2.750e-007
0.965, +2.642e-007
0.964, +2.545e-007
0.963, +2.505e-007
0.962, +2.381e-007
0.961, +2.324e-007
0.960, +2.274e-007
0.959, +2.169e-007
0.958, +2.103e-007
0.957, +2.017e-007
0.956, +1.942e-007
0.955, +1.858e-007
0.954, +1.800e-007
0.953, +1.712e-007
0.952, +1.596e-007
0.951, +1.533e-007
0.950, +1.461e-007
0.949, +1.388e-007
0.948, +1.323e-007
0.947, +1.189e-007
0.946, +1.144e-007
0.945, +1.121e-007
0.944, +1.043e-007
0.943, +9.477e-008
0.942, +9.409e-008
0.941, +8.743e-008
0.940, +7.812e-008
0.939, +7.411e-008
0.938, +6.441e-008
0.937, +5.883e-008
0.936, +5.540e-008
0.935, +4.942e-008
0.934, +4.982e-008
0.933, +3.708e-008
0.932, +2.621e-008
0.931, +2.474e-008
0.930, +1.642e-008
0.929, +1.328e-008
0.928, +1.044e-008
0.927, +3.193e-009
0.926, -4.309e-010
0.925, -7.777e-009
0.924, -1.023e-008
0.923, -1.287e-008
0.922, -3.324e-008
0.921, -4.764e-008
0.920, -3.628e-008
0.919, -3.902e-008
0.918, -4.470e-008
0.917, -4.578e-008
0.916, -5.528e-008
0.915, -5.577e-008
0.914, -6.439e-008
0.913, -6.449e-008
0.912, -7.311e-008
0.911, -7.957e-008
0.910, -8.408e-008
0.909, -8.398e-008
0.908, -8.848e-008
0.907, -9.563e-008
0.906, -1.067e-007
0.905, -1.115e-007
0.904, -1.131e-007
0.903, -1.208e-007
0.902, -1.205e-007
0.901, -1.307e-007
0.900, -1.313e-007
0.899, -1.398e-007
0.898, -1.407e-007
0.897, -1.450e-007
0.896, -1.573e-007
0.895, -1.549e-007
0.894, -1.579e-007
0.893, -1.617e-007
0.892, -1.676e-007
0.891, -1.695e-007
0.890, -1.721e-007
0.889, -1.765e-007
0.888, -1.815e-007
0.887, -1.883e-007
0.886, -1.939e-007
0.885, -1.956e-007
0.884, -1.972e-007
0.883, -1.962e-007
0.882, -2.089e-007
0.881, -2.140e-007
0.880, -2.127e-007
0.879, -2.190e-007
0.878, -2.215e-007
0.877, -2.267e-007
0.876, -2.300e-007
0.875, -2.389e-007
0.874, -2.422e-007
0.873, -2.427e-007
0.872, -2.450e-007
0.871, -2.551e-007
0.870, -2.631e-007
0.869, -2.576e-007
0.868, -2.633e-007
0.867, -2.650e-007
0.866, -2.705e-007
0.865, -2.748e-007
0.864, -2.730e-007
0.863, -2.808e-007
0.862, -2.814e-007
0.861, -2.894e-007
0.860, -2.905e-007
0.859, -2.903e-007
0.858, -2.957e-007
0.857, -2.976e-007
0.856, -3.004e-007
0.855, -3.055e-007
0.854, -3.094e-007
0.853, -3.112e-007
0.852, -3.168e-007
0.851, -3.126e-007
0.850, -3.231e-007
0.849, -3.249e-007
0.848, -3.311e-007
0.847, -3.384e-007
0.846, -3.369e-007
0.845, -3.489e-007
0.844, -3.501e-007
0.843, -3.466e-007
0.842, -3.513e-007
0.841, -3.542e-007
0.840, -3.587e-007
0.839, -3.612e-007
0.838, -3.576e-007
0.837, -3.641e-007
0.836, -3.660e-007
0.835, -3.697e-007
0.834, -3.774e-007
0.833, -3.774e-007
0.832, -3.726e-007
0.831, -3.822e-007
0.830, -3.874e-007
0.829, -3.948e-007
0.828, -3.971e-007
0.827, -3.921e-007
0.826, -3.974e-007
0.825, -4.041e-007
0.824, -4.016e-007
0.823, -4.152e-007
0.822, -4.154e-007
0.821, -4.131e-007
0.820, -4.170e-007
0.819, -3.895e-007
0.818, -4.172e-007
0.817, -4.273e-007
0.816, -4.290e-007
0.815, -4.303e-007
0.814, -4.339e-007
0.813, -4.341e-007
0.812, -4.385e-007
0.811, -4.422e-007
0.810, -4.460e-007
0.809, -4.457e-007
0.808, -4.478e-007
0.807, -4.515e-007
0.806, -4.490e-007
0.805, -4.516e-007
0.804, -4.579e-007
0.803, -4.619e-007
0.802, -4.679e-007
0.801, -4.675e-007
0.800, -4.651e-007
0.799, -4.758e-007
0.798, -4.758e-007
0.797, -4.802e-007
0.796, -4.848e-007
0.795, -4.856e-007
0.794, -4.936e-007
0.793, -4.979e-007
0.792, -4.920e-007
0.791, -4.993e-007
0.790, -5.000e-007
0.789, -4.984e-007
0.788, -5.069e-007
0.787, -5.005e-007
0.786, -5.030e-007
0.785, -5.093e-007
0.784, -5.139e-007
0.783, -5.170e-007
0.782, -5.163e-007
0.781, -5.159e-007
0.780, -5.182e-007
0.779, -5.220e-007
0.778, -5.231e-007
0.777, -5.291e-007
0.776, -5.304e-007
0.775, -5.335e-007
0.774, -5.326e-007
0.773, -5.331e-007
0.772, -5.389e-007
0.771, -5.419e-007
0.770, -5.463e-007
0.769, -5.466e-007
0.768, -5.579e-007
0.767, -5.547e-007
0.766, -5.516e-007
0.765, -5.589e-007
0.764, -5.613e-007
0.763, -5.609e-007
0.762, -5.619e-007
0.761, -5.643e-007
0.760, -5.663e-007
0.759, -5.744e-007
0.758, -5.751e-007
0.757, -5.793e-007
0.756, -5.755e-007
0.755, -5.696e-007
0.754, -5.826e-007
0.753, -5.803e-007
0.752, -5.849e-007
0.751, -5.912e-007
0.750, -5.878e-007
0.749, -5.879e-007
0.748, -5.910e-007
0.747, -5.914e-007
0.746, -5.967e-007
0.745, -5.993e-007
0.744, -5.990e-007
0.743, -6.093e-007
0.742, -6.166e-007
0.741, -6.104e-007
0.740, -6.104e-007
0.739, -6.129e-007
0.738, -6.162e-007
0.737, -6.096e-007
0.736, -6.127e-007
0.735, -6.193e-007
0.734, -6.164e-007
0.733, -6.264e-007
0.732, -6.247e-007
0.731, -6.252e-007
0.730, -6.279e-007
0.729, -6.295e-007
0.728, -6.326e-007
0.727, -6.398e-007
0.726, -6.393e-007
0.725, -6.404e-007
0.724, -6.426e-007
0.723, -6.384e-007
0.722, -6.469e-007
0.721, -6.507e-007
0.720, -6.546e-007
0.719, -6.555e-007
0.718, -6.541e-007
0.717, -6.737e-007
0.716, -6.775e-007
0.715, -6.611e-007
0.714, -6.607e-007
0.713, -6.636e-007
0.712, -6.643e-007
0.711, -6.640e-007
0.710, -6.590e-007
0.709, -6.690e-007
0.708, -6.694e-007
0.707, -6.754e-007
0.706, -6.768e-007
0.705, -6.768e-007
0.704, -6.732e-007
0.703, -6.797e-007
0.702, -6.813e-007
0.701, -6.867e-007
0.700, -6.888e-007
0.699, -6.860e-007
0.698, -6.880e-007
0.697, -6.922e-007
0.696, -6.958e-007
0.695, -6.931e-007
0.694, -7.002e-007
0.693, -6.969e-007
0.692, -7.033e-007
0.691, -7.111e-007
0.690, -7.072e-007
0.689, -7.046e-007
0.688, -7.089e-007
0.687, -7.142e-007
0.686, -7.130e-007
0.685, -7.122e-007
0.684, -7.172e-007
0.683, -7.169e-007
0.682, -7.247e-007
0.681, -7.264e-007
0.680, -7.241e-007
0.679, -7.237e-007
0.678, -7.189e-007
0.677, -7.246e-007
0.676, -7.307e-007
0.675, -7.294e-007
0.674, -7.315e-007
0.673, -7.296e-007
0.672, -7.299e-007
0.671, -7.355e-007
0.670, -7.363e-007
0.669, -7.429e-007
0.668, -7.426e-007
0.667, -7.399e-007
0.666, -7.469e-007
0.665, -7.521e-007
0.664, -7.508e-007
0.663, -7.503e-007
0.662, -7.551e-007
0.661, -7.521e-007
0.660, -7.596e-007
0.659, -7.535e-007
0.658, -7.597e-007
0.657, -7.593e-007
0.656, -7.650e-007
0.655, -7.685e-007
0.654, -7.647e-007
0.653, -7.671e-007
0.652, -7.633e-007
0.651, -7.668e-007
0.650, -7.724e-007
0.649, -7.697e-007
0.648, -7.754e-007
0.647, -7.772e-007
0.646, -7.736e-007
0.645, -7.816e-007
0.644, -7.875e-007
0.643, -7.880e-007
0.642, -7.870e-007
0.641, -7.890e-007
0.640, -7.995e-007
0.639, -8.007e-007
0.638, -7.907e-007
0.637, -7.966e-007
0.636, -8.004e-007
0.635, -8.008e-007
0.634, -8.018e-007
0.633, -8.008e-007
0.632, -8.010e-007
0.631, -8.087e-007
0.630, -8.085e-007
0.629, -8.089e-007
0.628, -8.090e-007
0.627, -8.041e-007
0.626, -8.152e-007
0.625, -8.139e-007
0.624, -8.174e-007
0.623, -8.216e-007
0.622, -8.238e-007
0.621, -8.211e-007
0.620, -8.206e-007
0.619, -8.224e-007
0.618, -8.286e-007
0.617, -8.293e-007
0.616, -8.324e-007
0.615, -8.409e-007
0.614, -8.607e-007
0.613, -8.415e-007
0.612, -8.394e-007
0.611, -8.370e-007
0.610, -8.430e-007
0.609, -8.416e-007
0.608, -8.387e-007
0.607, -8.464e-007
0.606, -8.452e-007
0.605, -8.517e-007
0.604, -8.493e-007
0.603, -8.484e-007
0.602, -8.496e-007
0.601, -8.492e-007
0.600, -8.557e-007
0.599, -8.593e-007
0.598, -8.603e-007
0.597, -8.633e-007
0.596, -8.681e-007
0.595, -8.633e-007
0.594, -8.747e-007
0.593, -8.668e-007
0.592, -8.756e-007
0.591, -8.803e-007
0.590, -8.732e-007
0.589, -8.855e-007
0.588, -8.888e-007
0.587, -8.751e-007
0.586, -8.832e-007
0.585, -8.832e-007
0.584, -8.840e-007
0.583, -8.850e-007
0.582, -8.787e-007
0.581, -8.864e-007
0.580, -8.863e-007
0.579, -8.894e-007
0.578, -8.911e-007
0.577, -8.913e-007
0.576, -8.920e-007
0.575, -8.951e-007
0.574, -8.966e-007
0.573, -9.019e-007
0.572, -9.021e-007
0.571, -9.011e-007
0.570, -8.995e-007
0.569, -9.011e-007
0.568, -9.014e-007
0.567, -9.045e-007
0.566, -9.088e-007
0.565, -9.088e-007
0.564, -9.115e-007
0.563, -9.203e-007
0.562, -9.164e-007
0.561, -9.169e-007
0.560, -9.242e-007
0.559, -9.216e-007
0.558, -9.185e-007
0.557, -9.220e-007
0.556, -9.245e-007
0.555, -9.191e-007
0.554, -9.292e-007
0.553, -9.289e-007
0.552, -9.288e-007
0.551, -9.308e-007
0.550, -9.270e-007
0.549, -9.282e-007
0.548, -9.336e-007
0.547, -9.409e-007
0.546, -9.429e-007
0.545, -9.405e-007
0.544, -9.421e-007
0.543, -9.430e-007
0.542, -9.449e-007
0.541, -9.454e-007
0.540, -9.458e-007
0.539, -9.460e-007
0.538, -9.543e-007
0.537, -9.611e-007
0.536, -9.512e-007
0.535, -9.569e-007
0.534, -9.533e-007
0.533, -9.539e-007
0.532, -9.570e-007
0.531, -9.517e-007
0.530, -9.560e-007
0.529, -9.605e-007
0.528, -9.655e-007
0.527, -9.636e-007
0.526, -9.626e-007
0.525, -9.610e-007
0.524, -9.621e-007
0.523, -9.657e-007
0.522, -9.708e-007
0.521, -9.746e-007
0.520, -9.735e-007
0.519, -9.754e-007
0.518, -9.714e-007
0.517, -9.770e-007
0.516, -9.800e-007
0.515, -9.829e-007
0.514, -9.809e-007
0.513, -9.795e-007
0.512, -1.010e-006
0.511, -9.937e-007
0.510, -9.854e-007
0.509, -9.914e-007
0.508, -9.903e-007
0.507, -9.910e-007
0.506, -9.918e-007
0.505, -9.887e-007
0.504, -9.919e-007
0.503, -9.964e-007
0.502, -9.982e-007
0.501, -9.969e-007
0.500, -1.002e-006
0.499, -9.939e-007
0.498, -1.000e-006
0.497, -1.003e-006
0.496, -1.005e-006
0.495, -1.007e-006
0.494, -1.003e-006
0.493, -1.001e-006
0.492, -1.008e-006
0.491, -1.010e-006
0.490, -1.013e-006
0.489, -1.018e-006
0.488, -1.011e-006
0.487, -1.023e-006
0.486, -1.030e-006
0.485, -1.020e-006
0.484, -1.022e-006
0.483, -1.023e-006
0.482, -1.025e-006
0.481, -1.021e-006
0.480, -1.021e-006
0.479, -1.026e-006
0.478, -1.032e-006
0.477, -1.032e-006
0.476, -1.031e-006
0.475, -1.033e-006
0.474, -1.029e-006
0.473, -1.025e-006
0.472, -1.032e-006
0.471, -1.037e-006
0.470, -1.038e-006
0.469, -1.040e-006
0.468, -1.042e-006
0.467, -1.039e-006
0.466, -1.041e-006
0.465, -1.043e-006
0.464, -1.053e-006
0.463, -1.052e-006
0.462, -1.046e-006
0.461, -1.056e-006
0.460, -1.061e-006
0.459, -1.053e-006
0.458, -1.056e-006
0.457, -1.057e-006
0.456, -1.055e-006
0.455, -1.056e-006
0.454, -1.055e-006
0.453, -1.062e-006
0.452, -1.060e-006
0.451, -1.064e-006
0.450, -1.065e-006
0.449, -1.064e-006
0.448, -1.055e-006
0.447, -1.067e-006
0.446, -1.067e-006
0.445, -1.075e-006
0.444, -1.076e-006
0.443, -1.073e-006
0.442, -1.074e-006
0.441, -1.073e-006
0.440, -1.076e-006
0.439, -1.079e-006
0.438, -1.081e-006
0.437, -1.079e-006
0.436, -1.081e-006
0.435, -1.095e-006
0.434, -1.093e-006
0.433, -1.083e-006
0.432, -1.086e-006
0.431, -1.090e-006
0.430, -1.088e-006
0.429, -1.085e-006
0.428, -1.089e-006
0.427, -1.091e-006
0.426, -1.096e-006
0.425, -1.098e-006
0.424, -1.094e-006
0.423, -1.096e-006
0.422, -1.093e-006
0.421, -1.099e-006
0.420, -1.101e-006
0.419, -1.103e-006
0.418, -1.108e-006
0.417, -1.103e-006
0.416, -1.103e-006
0.415, -1.105e-006
0.414, -1.113e-006
0.413, -1.113e-006
0.412, -1.116e-006
0.411, -1.112e-006
0.410, -1.079e-006
0.409, -1.050e-006
0.408, -1.106e-006
0.407, -1.120e-006
0.406, -1.118e-006
0.405, -1.118e-006
0.404, -1.124e-006
0.403, -1.114e-006
0.402, -1.122e-006
0.401, -1.127e-006
0.400, -1.123e-006
0.399, -1.129e-006
0.398, -1.125e-006
0.397, -1.124e-006
0.396, -1.134e-006
0.395, -1.127e-006
0.394, -1.134e-006
0.393, -1.141e-006
0.392, -1.132e-006
0.391, -1.135e-006
0.390, -1.133e-006
0.389, -1.149e-006
0.388, -1.145e-006
0.387, -1.145e-006
0.386, -1.155e-006
0.385, -1.148e-006
0.384, -1.160e-006
0.383, -1.157e-006
0.382, -1.149e-006
0.381, -1.156e-006
0.380, -1.161e-006
0.379, -1.150e-006
0.378, -1.155e-006
0.377, -1.150e-006
0.376, -1.153e-006
0.375, -1.155e-006
0.374, -1.162e-006
0.373, -1.161e-006
0.372, -1.162e-006
0.371, -1.151e-006
0.370, -1.167e-006
0.369, -1.161e-006
0.368, -1.166e-006
0.367, -1.169e-006
0.366, -1.167e-006
0.365, -1.164e-006
0.364, -1.170e-006
0.363, -1.172e-006
0.362, -1.171e-006
0.361, -1.178e-006
0.360, -1.177e-006
0.359, -1.179e-006
0.358, -1.191e-006
0.357, -1.178e-006
0.356, -1.177e-006
0.355, -1.185e-006
0.354, -1.183e-006
0.353, -1.182e-006
0.352, -1.183e-006
0.351, -1.185e-006
0.350, -1.184e-006
0.349, -1.194e-006
0.348, -1.189e-006
0.347, -1.186e-006
0.346, -1.186e-006
0.345, -1.191e-006
0.344, -1.189e-006
0.343, -1.204e-006
0.342, -1.200e-006
0.341, -1.195e-006
0.340, -1.201e-006
0.339, -1.196e-006
0.338, -1.199e-006
0.337, -1.199e-006
0.336, -1.202e-006
0.335, -1.208e-006
0.334, -1.202e-006
0.333, -1.220e-006
0.332, -1.215e-006
0.331, -1.209e-006
0.330, -1.218e-006
0.329, -1.210e-006
0.328, -1.210e-006
0.327, -1.212e-006
0.326, -1.213e-006
0.325, -1.217e-006
0.324, -1.218e-006
0.323, -1.221e-006
0.322, -1.215e-006
0.321, -1.224e-006
0.320, -1.216e-006
0.319, -1.221e-006
0.318, -1.224e-006
0.317, -1.229e-006
0.316, -1.231e-006
0.315, -1.226e-006
0.314, -1.226e-006
0.313, -1.225e-006
0.312, -1.231e-006
0.311, -1.235e-006
0.310, -1.228e-006
0.309, -1.235e-006
0.308, -1.232e-006
0.307, -1.269e-006
0.306, -1.243e-006
0.305, -1.237e-006
0.304, -1.242e-006
0.303, -1.243e-006
0.302, -1.243e-006
0.301, -1.238e-006
0.300, -1.239e-006
0.299, -1.235e-006
0.298, -1.246e-006
0.297, -1.253e-006
0.296, -1.247e-006
0.295, -1.250e-006
0.294, -1.242e-006
0.293, -1.242e-006
0.292, -1.255e-006
0.291, -1.255e-006
0.290, -1.257e-006
0.289, -1.258e-006
0.288, -1.256e-006
0.287, -1.259e-006
0.286, -1.257e-006
0.285, -1.271e-006
0.284, -1.274e-006
0.283, -1.262e-006
0.282, -1.274e-006
0.281, -1.279e-006
0.280, -1.260e-006
0.279, -1.268e-006
0.278, -1.267e-006
0.277, -1.270e-006
0.276, -1.270e-006
0.275, -1.262e-006
0.274, -1.273e-006
0.273, -1.277e-006
0.272, -1.281e-006
0.271, -1.279e-006
0.270, -1.276e-006
0.269, -1.276e-006
0.268, -1.277e-006
0.267, -1.280e-006
0.266, -1.284e-006
0.265, -1.284e-006
0.264, -1.286e-006
0.263, -1.279e-006
0.262, -1.281e-006
0.261, -1.282e-006
0.260, -1.290e-006
0.259, -1.294e-006
0.258, -1.296e-006
0.257, -1.296e-006
0.256, -1.301e-006
0.255, -1.300e-006
0.254, -1.292e-006
0.253, -1.303e-006
0.252, -1.307e-006
0.251, -1.303e-006
0.250, -1.303e-006
0.249, -1.302e-006
0.248, -1.304e-006
0.247, -1.303e-006
0.246, -1.309e-006
0.245, -1.305e-006
0.244, -1.306e-006
0.243, -1.301e-006
0.242, -1.318e-006
0.241, -1.316e-006
0.240, -1.321e-006
0.239, -1.316e-006
0.238, -1.313e-006
0.237, -1.318e-006
0.236, -1.318e-006
0.235, -1.318e-006
0.234, -1.331e-006
0.233, -1.327e-006
0.232, -1.322e-006
0.231, -1.329e-006
0.230, -1.340e-006
0.229, -1.335e-006
0.228, -1.336e-006
0.227, -1.335e-006
0.226, -1.333e-006
0.225, -1.336e-006
0.224, -1.331e-006
0.223, -1.337e-006
0.222, -1.331e-006
0.221, -1.347e-006
0.220, -1.338e-006
0.219, -1.341e-006
0.218, -1.342e-006
0.217, -1.334e-006
0.216, -1.346e-006
0.215, -1.348e-006
0.214, -1.352e-006
0.213, -1.353e-006
0.212, -1.352e-006
0.211, -1.352e-006
0.210, -1.357e-006
0.209, -1.353e-006
0.208, -1.357e-006
0.207, -1.358e-006
0.206, -1.366e-006
0.205, -1.386e-006
0.204, -1.387e-006
0.203, -1.363e-006
0.202, -1.367e-006
0.201, -1.365e-006
0.200, -1.366e-006
0.199, -1.368e-006
0.198, -1.367e-006
0.197, -1.369e-006
0.196, -1.379e-006
0.195, -1.378e-006
0.194, -1.374e-006
0.193, -1.378e-006
0.192, -1.371e-006
0.191, -1.378e-006
0.190, -1.377e-006
0.189, -1.387e-006
0.188, -1.383e-006
0.187, -1.385e-006
0.186, -1.390e-006
0.185, -1.383e-006
0.184, -1.385e-006
0.183, -1.391e-006
0.182, -1.391e-006
0.181, -1.396e-006
0.180, -1.393e-006
0.179, -1.416e-006
0.178, -1.407e-006
0.177, -1.403e-006
0.176, -1.401e-006
0.175, -1.407e-006
0.174, -1.406e-006
0.173, -1.407e-006
0.172, -1.403e-006
0.171, -1.409e-006
0.170, -1.410e-006
0.169, -1.415e-006
0.168, -1.409e-006
0.167, -1.415e-006
0.166, -1.406e-006
0.165, -1.416e-006
0.164, -1.417e-006
0.163, -1.419e-006
0.162, -1.422e-006
0.161, -1.425e-006
0.160, -1.419e-006
0.159, -1.425e-006
0.158, -1.425e-006
0.157, -1.434e-006
0.156, -1.437e-006
0.155, -1.438e-006
0.154, -1.437e-006
0.153, -1.441e-006
0.152, -1.437e-006
0.151, -1.442e-006
0.150, -1.447e-006
0.149, -1.447e-006
0.148, -1.441e-006
0.147, -1.436e-006
0.146, -1.447e-006
0.145, -1.442e-006
0.144, -1.448e-006
0.143, -1.447e-006
0.142, -1.453e-006
0.141, -1.446e-006
0.140, -1.450e-006
0.139, -1.454e-006
0.138, -1.464e-006
0.137, -1.459e-006
0.136, -1.469e-006
0.135, -1.467e-006
0.134, -1.458e-006
0.133, -1.470e-006
0.132, -1.469e-006
0.131, -1.472e-006
0.130, -1.474e-006
0.129, -1.468e-006
0.128, -1.487e-006
0.127, -1.482e-006
0.126, -1.475e-006
0.125, -1.477e-006
0.124, -1.491e-006
0.123, -1.484e-006
0.122, -1.485e-006
0.121, -1.481e-006
0.120, -1.493e-006
0.119, -1.490e-006
0.118, -1.491e-006
0.117, -1.497e-006
0.116, -1.488e-006
0.115, -1.485e-006
0.114, -1.496e-006
0.113, -1.502e-006
0.112, -1.505e-006
0.111, -1.499e-006
0.110, -1.500e-006
0.109, -1.503e-006
0.108, -1.517e-006
0.107, -1.509e-006
0.106, -1.513e-006
0.105, -1.512e-006
0.104, -1.513e-006
0.103, -1.528e-006
0.102, -1.557e-006
0.101, -1.521e-006
0.100, -1.526e-006
0.099, -1.534e-006
0.098, -1.523e-006
0.097, -1.531e-006
0.096, -1.530e-006
0.095, -1.533e-006
0.094, -1.533e-006
0.093, -1.544e-006
0.092, -1.536e-006
0.091, -1.540e-006
0.090, -1.539e-006
0.089, -1.532e-006
0.088, -1.546e-006
0.087, -1.551e-006
0.086, -1.550e-006
0.085, -1.539e-006
0.084, -1.549e-006
0.083, -1.549e-006
0.082, -1.559e-006
0.081, -1.557e-006
0.080, -1.561e-006
0.079, -1.563e-006
0.078, -1.565e-006
0.077, -1.587e-006
0.076, -1.576e-006
0.075, -1.568e-006
0.074, -1.581e-006
0.073, -1.575e-006
0.072, -1.578e-006
0.071, -1.582e-006
0.070, -1.574e-006
0.069, -1.585e-006
0.068, -1.586e-006
0.067, -1.589e-006
0.066, -1.597e-006
0.065, -1.588e-006
0.064, -1.584e-006
0.063, -1.599e-006
0.062, -1.601e-006
0.061, -1.598e-006
0.060, -1.611e-006
0.059, -1.606e-006
0.058, -1.606e-006
0.057, -1.606e-006
0.056, -1.618e-006
0.055, -1.617e-006
0.054, -1.624e-006
0.053, -1.630e-006
0.052, -1.628e-006
0.051, -1.647e-006
0.050, -1.632e-006
0.049, -1.631e-006
0.048, -1.635e-006
0.047, -1.647e-006
0.046, -1.644e-006
0.045, -1.639e-006
0.044, -1.643e-006
0.043, -1.654e-006
0.042, -1.650e-006
0.041, -1.657e-006
0.040, -1.663e-006
0.039, -1.662e-006
0.038, -1.656e-006
0.037, -1.676e-006
0.036, -1.673e-006
0.035, -1.680e-006
0.034, -1.688e-006
0.033, -1.682e-006
0.032, -1.681e-006
0.031, -1.690e-006
0.030, -1.684e-006
0.029, -1.702e-006
0.028, -1.706e-006
0.027, -1.706e-006
0.026, -1.724e-006
0.025, -1.711e-006
0.024, -1.722e-006
0.023, -1.726e-006
0.022, -1.728e-006
0.021, -1.733e-006
0.020, -1.736e-006
0.019, -1.730e-006
0.018, -1.744e-006
0.017, -1.746e-006
0.016, -1.759e-006
0.015, -1.753e-006
0.014, -1.761e-006
0.013, -1.757e-006
0.012, -1.763e-006
0.011, -1.769e-006
0.010, -1.785e-006
0.009, -1.789e-006
0.008, -1.793e-006
0.007, -1.798e-006
0.006, -1.793e-006
0.005, -1.805e-006
0.004, -1.812e-006
0.003, -1.821e-006
0.002, -1.823e-006
0.001, -1.823e-006
0.000, -1.753e-006
-0.001, -1.804e-006
-0.002, -1.835e-006
-0.003, -1.849e-006
-0.004, -1.862e-006
-0.005, -1.854e-006
-0.006, -1.865e-006
-0.007, -1.877e-006
-0.008, -1.886e-006
-0.009, -1.897e-006
-0.010, -1.899e-006
-0.011, -1.908e-006
-0.012, -1.926e-006
-0.013, -1.912e-006
-0.014, -1.930e-006
-0.015, -1.938e-006
-0.016, -1.946e-006
-0.017, -1.966e-006
-0.018, -1.966e-006
-0.019, -1.970e-006
-0.020, -1.983e-006
-0.021, -1.983e-006
-0.022, -2.005e-006
-0.023, -2.014e-006
-0.024, -2.016e-006
-0.025, -2.030e-006
-0.026, -2.057e-006
-0.027, -2.055e-006
-0.028, -2.060e-006
-0.029, -2.067e-006
-0.030, -2.086e-006
-0.031, -2.091e-006
-0.032, -2.096e-006
-0.033, -2.115e-006
-0.034, -2.124e-006
-0.035, -2.128e-006
-0.036, -2.148e-006
-0.037, -2.164e-006
-0.038, -2.164e-006
-0.039, -2.177e-006
-0.040, -2.201e-006
-0.041, -2.213e-006
-0.042, -2.227e-006
-0.043, -2.240e-006
-0.044, -2.246e-006
-0.045, -2.251e-006
-0.046, -2.266e-006
-0.047, -2.285e-006
-0.048, -2.306e-006
-0.049, -2.320e-006
-0.050, -2.327e-006
-0.051, -2.357e-006
-0.052, -2.370e-006
-0.053, -2.381e-006
-0.054, -2.391e-006
-0.055, -2.415e-006
-0.056, -2.427e-006
-0.057, -2.441e-006
-0.058, -2.445e-006
-0.059, -2.467e-006
-0.060, -2.489e-006
-0.061, -2.517e-006
-0.062, -2.529e-006
-0.063, -2.543e-006
-0.064, -2.550e-006
-0.065, -2.581e-006
-0.066, -2.588e-006
-0.067, -2.622e-006
-0.068, -2.644e-006
-0.069, -2.638e-006
-0.070, -2.678e-006
-0.071, -2.691e-006
-0.072, -2.708e-006
-0.073, -2.730e-006
-0.074, -2.751e-006
-0.075, -2.770e-006
-0.076, -2.788e-006
-0.077, -2.823e-006
-0.078, -2.830e-006
-0.079, -2.855e-006
-0.080, -2.867e-006
-0.081, -2.894e-006
-0.082, -2.909e-006
-0.083, -2.931e-006
-0.084, -2.950e-006
-0.085, -2.964e-006
-0.086, -3.001e-006
-0.087, -3.012e-006
-0.088, -3.033e-006
-0.089, -3.048e-006
-0.090, -3.057e-006
-0.091, -3.092e-006
-0.092, -3.116e-006
-0.093, -3.138e-006
-0.094, -3.154e-006
-0.095, -3.180e-006
-0.096, -3.196e-006
-0.097, -3.220e-006
-0.098, -3.239e-006
-0.099, -3.269e-006
-0.100, -3.287e-006
-0.101, -3.301e-006
-0.102, -3.356e-006
-0.103, -3.392e-006
-0.104, -3.370e-006
-0.105, -3.394e-006
-0.106, -3.421e-006
-0.107, -3.431e-006
-0.108, -3.465e-006
-0.109, -3.478e-006
-0.110, -3.494e-006
-0.111, -3.518e-006
-0.112, -3.544e-006
-0.113, -3.566e-006
-0.114, -3.572e-006
-0.115, -3.601e-006
-0.116, -3.615e-006
-0.117, -3.641e-006
-0.118, -3.659e-006
-0.119, -3.686e-006
-0.120, -3.687e-006
-0.121, -3.720e-006
-0.122, -3.734e-006
-0.123, -3.775e-006
-0.124, -3.785e-006
-0.125, -3.804e-006
-0.126, -3.821e-006
-0.127, -3.839e-006
-0.128, -3.886e-006
-0.129, -3.889e-006
-0.130, -3.900e-006
-0.131, -3.912e-006
-0.132, -3.947e-006
-0.133, -3.956e-006
-0.134, -3.967e-006
-0.135, -3.983e-006
-0.136, -4.005e-006
-0.137, -4.036e-006
-0.138, -4.045e-006
-0.139, -4.063e-006
-0.140, -4.086e-006
-0.141, -4.087e-006
-0.142, -4.111e-006
-0.143, -4.134e-006
-0.144, -4.158e-006
-0.145, -4.172e-006
-0.146, -4.179e-006
-0.147, -4.198e-006
-0.148, -4.221e-006
-0.149, -4.233e-006
-0.150, -4.257e-006
-0.151, -4.269e-006
-0.152, -4.286e-006
-0.153, -4.310e-006
-0.154, -4.345e-006
-0.155, -4.337e-006
-0.156, -4.351e-006
-0.157, -4.370e-006
-0.158, -4.383e-006
-0.159, -4.392e-006
-0.160, -4.401e-006
-0.161, -4.429e-006
-0.162, -4.432e-006
-0.163, -4.443e-006
-0.164, -4.470e-006
-0.165, -4.481e-006
-0.166, -4.479e-006
-0.167, -4.496e-006
-0.168, -4.518e-006
-0.169, -4.540e-006
-0.170, -4.547e-006
-0.171, -4.556e-006
-0.172, -4.560e-006
-0.173, -4.572e-006
-0.174, -4.592e-006
-0.175, -4.595e-006
-0.176, -4.629e-006
-0.177, -4.623e-006
-0.178, -4.633e-006
-0.179, -4.654e-006
-0.180, -4.676e-006
-0.181, -4.661e-006
-0.182, -4.676e-006
-0.183, -4.693e-006
-0.184, -4.690e-006
-0.185, -4.710e-006
-0.186, -4.704e-006
-0.187, -4.714e-006
-0.188, -4.727e-006
-0.189, -4.733e-006
-0.190, -4.742e-006
-0.191, -4.755e-006
-0.192, -4.739e-006
-0.193, -4.760e-006
-0.194, -4.758e-006
-0.195, -4.778e-006
-0.196, -4.778e-006
-0.197, -4.784e-006
-0.198, -4.783e-006
-0.199, -4.787e-006
-0.200, -4.799e-006
-0.201, -4.811e-006
-0.202, -4.812e-006
-0.203, -4.825e-006
-0.204, -4.822e-006
-0.205, -4.874e-006
-0.206, -4.836e-006
-0.207, -4.836e-006
-0.208, -4.837e-006
-0.209, -4.848e-006
-0.210, -4.842e-006
-0.211, -4.846e-006
-0.212, -4.854e-006
-0.213, -4.839e-006
-0.214, -4.852e-006
-0.215, -4.850e-006
-0.216, -4.842e-006
-0.217, -4.848e-006
-0.218, -4.832e-006
-0.219, -4.855e-006
-0.220, -4.858e-006
-0.221, -4.861e-006
-0.222, -4.849e-006
-0.223, -4.857e-006
-0.224, -4.838e-006
-0.225, -4.862e-006
-0.226, -4.846e-006
-0.227, -4.865e-006
-0.228, -4.861e-006
-0.229, -4.846e-006
-0.230, -4.855e-006
-0.231, -4.874e-006
-0.232, -4.854e-006
-0.233, -4.850e-006
-0.234, -4.851e-006
-0.235, -4.849e-006
-0.236, -4.850e-006
-0.237, -4.831e-006
-0.238, -4.843e-006
-0.239, -4.842e-006
-0.240, -4.844e-006
-0.241, -4.838e-006
-0.242, -4.830e-006
-0.243, -4.824e-006
-0.244, -4.824e-006
-0.245, -4.825e-006
-0.246, -4.830e-006
-0.247, -4.821e-006
-0.248, -4.816e-006
-0.249, -4.824e-006
-0.250, -4.810e-006
-0.251, -4.822e-006
-0.252, -4.824e-006
-0.253, -4.817e-006
-0.254, -4.812e-006
-0.255, -4.801e-006
-0.256, -4.815e-006
-0.257, -4.817e-006
-0.258, -4.787e-006
-0.259, -4.805e-006
-0.260, -4.796e-006
-0.261, -4.783e-006
-0.262, -4.784e-006
-0.263, -4.788e-006
-0.264, -4.776e-006
-0.265, -4.781e-006
-0.266, -4.778e-006
-0.267, -4.778e-006
-0.268, -4.763e-006
-0.269, -4.746e-006
-0.270, -4.760e-006
-0.271, -4.753e-006
-0.272, -4.753e-006
-0.273, -4.745e-006
-0.274, -4.751e-006
-0.275, -4.741e-006
-0.276, -4.737e-006
-0.277, -4.739e-006
-0.278, -4.741e-006
-0.279, -4.742e-006
-0.280, -4.734e-006
-0.281, -4.739e-006
-0.282, -4.761e-006
-0.283, -4.723e-006
-0.284, -4.719e-006
-0.285, -4.718e-006
-0.286, -4.717e-006
-0.287, -4.704e-006
-0.288, -4.697e-006
-0.289, -4.703e-006
-0.290, -4.700e-006
-0.291, -4.711e-006
-0.292, -4.701e-006
-0.293, -4.683e-006
-0.294, -4.684e-006
-0.295, -4.671e-006
-0.296, -4.680e-006
-0.297, -4.674e-006
-0.298, -4.681e-006
-0.299, -4.666e-006
-0.300, -4.663e-006
-0.301, -4.653e-006
-0.302, -4.662e-006
-0.303, -4.647e-006
-0.304, -4.650e-006
-0.305, -4.665e-006
-0.306, -4.650e-006
-0.307, -4.683e-006
-0.308, -4.682e-006
-0.309, -4.654e-006
-0.310, -4.646e-006
-0.311, -4.649e-006
-0.312, -4.639e-006
-0.313, -4.636e-006
-0.314, -4.635e-006
-0.315, -4.623e-006
-0.316, -4.627e-006
-0.317, -4.624e-006
-0.318, -4.629e-006
-0.319, -4.626e-006
-0.320, -4.606e-006
-0.321, -4.608e-006
-0.322, -4.606e-006
-0.323, -4.623e-006
-0.324, -4.619e-006
-0.325, -4.607e-006
-0.326, -4.608e-006
-0.327, -4.603e-006
-0.328, -4.593e-006
-0.329, -4.607e-006
-0.330, -4.606e-006
-0.331, -4.599e-006
-0.332, -4.597e-006
-0.333, -4.627e-006
-0.334, -4.596e-006
-0.335, -4.598e-006
-0.336, -4.585e-006
-0.337, -4.580e-006
-0.338, -4.571e-006
-0.339, -4.581e-006
-0.340, -4.582e-006
-0.341, -4.569e-006
-0.342, -4.575e-006
-0.343, -4.586e-006
-0.344, -4.568e-006
-0.345, -4.577e-006
-0.346, -4.562e-006
-0.347, -4.567e-006
-0.348, -4.573e-006
-0.349, -4.572e-006
-0.350, -4.558e-006
-0.351, -4.571e-006
-0.352, -4.550e-006
-0.353, -4.566e-006
-0.354, -4.569e-006
-0.355, -4.568e-006
-0.356, -4.568e-006
-0.357, -4.555e-006
-0.358, -4.575e-006
-0.359, -4.586e-006
-0.360, -4.550e-006
-0.361, -4.571e-006
-0.362, -4.568e-006
-0.363, -4.557e-006
-0.364, -4.557e-006
-0.365, -4.540e-006
-0.366, -4.559e-006
-0.367, -4.546e-006
-0.368, -4.561e-006
-0.369, -4.566e-006
-0.370, -4.555e-006
-0.371, -4.534e-006
-0.372, -4.553e-006
-0.373, -4.551e-006
-0.374, -4.553e-006
-0.375, -4.562e-006
-0.376, -4.533e-006
-0.377, -4.557e-006
-0.378, -4.546e-006
-0.379, -4.546e-006
-0.380, -4.553e-006
-0.381, -4.555e-006
-0.382, -4.563e-006
-0.383, -4.550e-006
-0.384, -4.570e-006
-0.385, -4.566e-006
-0.386, -4.550e-006
-0.387, -4.558e-006
-0.388, -4.565e-006
-0.389, -4.542e-006
-0.390, -4.554e-006
-0.391, -4.541e-006
-0.392, -4.550e-006
-0.393, -4.554e-006
-0.394, -4.552e-006
-0.395, -4.565e-006
-0.396, -4.562e-006
-0.397, -4.537e-006
-0.398, -4.549e-006
-0.399, -4.560e-006
-0.400, -4.554e-006
-0.401, -4.561e-006
-0.402, -4.554e-006
-0.403, -4.551e-006
-0.404, -4.570e-006
-0.405, -4.553e-006
-0.406, -4.562e-006
-0.407, -4.565e-006
-0.408, -4.560e-006
-0.409, -4.553e-006
-0.410, -4.468e-006
-0.411, -4.546e-006
-0.412, -4.565e-006
-0.413, -4.556e-006
-0.414, -4.576e-006
-0.415, -4.569e-006
-0.416, -4.562e-006
-0.417, -4.564e-006
-0.418, -4.562e-006
-0.419, -4.575e-006
-0.420, -4.574e-006
-0.421, -4.560e-006
-0.422, -4.582e-006
-0.423, -4.565e-006
-0.424, -4.581e-006
-0.425, -4.585e-006
-0.426, -4.580e-006
-0.427, -4.573e-006
-0.428, -4.572e-006
-0.429, -4.588e-006
-0.430, -4.589e-006
-0.431, -4.594e-006
-0.432, -4.578e-006
-0.433, -4.605e-006
-0.434, -4.584e-006
-0.435, -4.615e-006
-0.436, -4.606e-006
-0.437, -4.596e-006
-0.438, -4.599e-006
-0.439, -4.596e-006
-0.440, -4.603e-006
-0.441, -4.602e-006
-0.442, -4.600e-006
-0.443, -4.606e-006
-0.444, -4.610e-006
-0.445, -4.612e-006
-0.446, -4.620e-006
-0.447, -4.612e-006
-0.448, -4.599e-006
-0.449, -4.618e-006
-0.450, -4.617e-006
-0.451, -4.628e-006
-0.452, -4.626e-006
-0.453, -4.631e-006
-0.454, -4.625e-006
-0.455, -4.630e-006
-0.456, -4.637e-006
-0.457, -4.647e-006
-0.458, -4.636e-006
-0.459, -4.633e-006
-0.460, -4.647e-006
-0.461, -4.665e-006
-0.462, -4.653e-006
-0.463, -4.654e-006
-0.464, -4.661e-006
-0.465, -4.654e-006
-0.466, -4.658e-006
-0.467, -4.660e-006
-0.468, -4.659e-006
-0.469, -4.680e-006
-0.470, -4.670e-006
-0.471, -4.670e-006
-0.472, -4.672e-006
-0.473, -4.677e-006
-0.474, -4.661e-006
-0.475, -4.681e-006
-0.476, -4.682e-006
-0.477, -4.689e-006
-0.478, -4.694e-006
-0.479, -4.689e-006
-0.480, -4.683e-006
-0.481, -4.696e-006
-0.482, -4.681e-006
-0.483, -4.713e-006
-0.484, -4.707e-006
-0.485, -4.706e-006
-0.486, -4.726e-006
-0.487, -4.736e-006
-0.488, -4.722e-006
-0.489, -4.731e-006
-0.490, -4.731e-006
-0.491, -4.730e-006
-0.492, -4.742e-006
-0.493, -4.730e-006
-0.494, -4.732e-006
-0.495, -4.738e-006
-0.496, -4.751e-006
-0.497, -4.748e-006
-0.498, -4.751e-006
-0.499, -4.749e-006
-0.500, -4.752e-006
-0.501, -4.756e-006
-0.502, -4.762e-006
-0.503, -4.776e-006
-0.504, -4.779e-006
-0.505, -4.787e-006
-0.506, -4.777e-006
-0.507, -4.778e-006
-0.508, -4.796e-006
-0.509, -4.791e-006
-0.510, -4.801e-006
-0.511, -4.803e-006
-0.512, -4.857e-006
-0.513, -4.840e-006
-0.514, -4.812e-006
-0.515, -4.819e-006
-0.516, -4.808e-006
-0.517, -4.828e-006
-0.518, -4.836e-006
-0.519, -4.829e-006
-0.520, -4.840e-006
-0.521, -4.844e-006
-0.522, -4.842e-006
-0.523, -4.858e-006
-0.524, -4.859e-006
-0.525, -4.844e-006
-0.526, -4.869e-006
-0.527, -4.855e-006
-0.528, -4.870e-006
-0.529, -4.892e-006
-0.530, -4.887e-006
-0.531, -4.871e-006
-0.532, -4.879e-006
-0.533, -4.884e-006
-0.534, -4.910e-006
-0.535, -4.915e-006
-0.536, -4.903e-006
-0.537, -4.919e-006
-0.538, -4.945e-006
-0.539, -4.919e-006
-0.540, -4.946e-006
-0.541, -4.928e-006
-0.542, -4.949e-006
-0.543, -4.936e-006
-0.544, -4.938e-006
-0.545, -4.951e-006
-0.546, -4.959e-006
-0.547, -4.974e-006
-0.548, -4.958e-006
-0.549, -4.982e-006
-0.550, -4.981e-006
-0.551, -4.966e-006
-0.552, -5.000e-006
-0.553, -5.004e-006
-0.554, -5.005e-006
-0.555, -5.006e-006
-0.556, -5.013e-006
-0.557, -5.014e-006
-0.558, -5.028e-006
-0.559, -5.024e-006
-0.560, -5.047e-006
-0.561, -5.044e-006
-0.562, -5.038e-006
-0.563, -5.082e-006
-0.564, -5.084e-006
-0.565, -5.063e-006
-0.566, -5.081e-006
-0.567, -5.069e-006
-0.568, -5.088e-006
-0.569, -5.118e-006
-0.570, -5.100e-006
-0.571, -5.102e-006
-0.572, -5.118e-006
-0.573, -5.122e-006
-0.574, -5.136e-006
-0.575, -5.136e-006
-0.576, -5.123e-006
-0.577, -5.147e-006
-0.578, -5.150e-006
-0.579, -5.161e-006
-0.580, -5.173e-006
-0.581, -5.177e-006
-0.582, -5.171e-006
-0.583, -5.195e-006
-0.584, -5.199e-006
-0.585, -5.214e-006
-0.586, -5.214e-006
-0.587, -5.234e-006
-0.588, -5.223e-006
-0.589, -5.268e-006
-0.590, -5.239e-006
-0.591, -5.259e-006
-0.592, -5.264e-006
-0.593, -5.276e-006
-0.594, -5.281e-006
-0.595, -5.283e-006
-0.596, -5.293e-006
-0.597, -5.295e-006
-0.598, -5.322e-006
-0.599, -5.319e-006
-0.600, -5.327e-006
-0.601, -5.335e-006
-0.602, -5.327e-006
-0.603, -5.348e-006
-0.604, -5.364e-006
-0.605, -5.364e-006
-0.606, -5.400e-006
-0.607, -5.391e-006
-0.608, -5.391e-006
-0.609, -5.406e-006
-0.610, -5.404e-006
-0.611, -5.438e-006
-0.612, -5.429e-006
-0.613, -5.451e-006
-0.614, -5.481e-006
-0.615, -5.516e-006
-0.616, -5.472e-006
-0.617, -5.492e-006
-0.618, -5.507e-006
-0.619, -5.502e-006
-0.620, -5.523e-006
-0.621, -5.524e-006
-0.622, -5.538e-006
-0.623, -5.548e-006
-0.624, -5.561e-006
-0.625, -5.570e-006
-0.626, -5.588e-006
-0.627, -5.587e-006
-0.628, -5.595e-006
-0.629, -5.622e-006
-0.630, -5.637e-006
-0.631, -5.639e-006
-0.632, -5.642e-006
-0.633, -5.665e-006
-0.634, -5.659e-006
-0.635, -5.677e-006
-0.636, -5.696e-006
-0.637, -5.711e-006
-0.638, -5.725e-006
-0.639, -5.733e-006
-0.640, -5.768e-006
-0.641, -5.769e-006
-0.642, -5.753e-006
-0.643, -5.794e-006
-0.644, -5.809e-006
-0.645, -5.809e-006
-0.646, -5.837e-006
-0.647, -5.828e-006
-0.648, -5.853e-006
-0.649, -5.866e-006
-0.650, -5.884e-006
-0.651, -5.886e-006
-0.652, -5.912e-006
-0.653, -5.906e-006
-0.654, -5.942e-006
-0.655, -5.944e-006
-0.656, -5.977e-006
-0.657, -5.988e-006
-0.658, -5.987e-006
-0.659, -6.009e-006
-0.660, -6.027e-006
-0.661, -6.036e-006
-0.662, -6.059e-006
-0.663, -6.068e-006
-0.664, -6.092e-006
-0.665, -6.113e-006
-0.666, -6.156e-006
-0.667, -6.151e-006
-0.668, -6.165e-006
-0.669, -6.174e-006
-0.670, -6.194e-006
-0.671, -6.191e-006
-0.672, -6.225e-006
-0.673, -6.225e-006
-0.674, -6.246e-006
-0.675, -6.280e-006
-0.676, -6.303e-006
-0.677, -6.313e-006
-0.678, -6.323e-006
-0.679, -6.325e-006
-0.680, -6.354e-006
-0.681, -6.389e-006
-0.682, -6.394e-006
-0.683, -6.413e-006
-0.684, -6.443e-006
-0.685, -6.447e-006
-0.686, -6.477e-006
-0.687, -6.500e-006
-0.688, -6.514e-006
-0.689, -6.537e-006
-0.690, -6.551e-006
-0.691, -6.583e-006
-0.692, -6.612e-006
-0.693, -6.610e-006
-0.694, -6.630e-006
-0.695, -6.662e-006
-0.696, -6.666e-006
-0.697, -6.683e-006
-0.698, -6.705e-006
-0.699, -6.728e-006
-0.700, -6.757e-006
-0.701, -6.787e-006
-0.702, -6.793e-006
-0.703, -6.815e-006
-0.704, -6.828e-006
-0.705, -6.859e-006
-0.706, -6.878e-006
-0.707, -6.908e-006
-0.708, -6.939e-006
-0.709, -6.943e-006
-0.710, -6.975e-006
-0.711, -6.994e-006
-0.712, -7.004e-006
-0.713, -7.033e-006
-0.714, -7.076e-006
-0.715, -7.079e-006
-0.716, -7.109e-006
-0.717, -7.200e-006
-0.718, -7.168e-006
-0.719, -7.190e-006
-0.720, -7.197e-006
-0.721, -7.240e-006
-0.722, -7.258e-006
-0.723, -7.260e-006
-0.724, -7.298e-006
-0.725, -7.315e-006
-0.726, -7.356e-006
-0.727, -7.363e-006
-0.728, -7.388e-006
-0.729, -7.424e-006
-0.730, -7.431e-006
-0.731, -7.470e-006
-0.732, -7.500e-006
-0.733, -7.516e-006
-0.734, -7.545e-006
-0.735, -7.573e-006
-0.736, -7.587e-006
-0.737, -7.618e-006
-0.738, -7.640e-006
-0.739, -7.672e-006
-0.740, -7.688e-006
-0.741, -7.712e-006
-0.742, -7.756e-006
-0.743, -7.812e-006
-0.744, -7.800e-006
-0.745, -7.829e-006
-0.746, -7.875e-006
-0.747, -7.876e-006
-0.748, -7.912e-006
-0.749, -7.922e-006
-0.750, -7.935e-006
-0.751, -7.989e-006
-0.752, -8.010e-006
-0.753, -8.046e-006
-0.754, -8.069e-006
-0.755, -8.089e-006
-0.756, -8.113e-006
-0.757, -8.141e-006
-0.758, -8.178e-006
-0.759, -8.217e-006
-0.760, -8.243e-006
-0.761, -8.267e-006
-0.762, -8.274e-006
-0.763, -8.312e-006
-0.764, -8.346e-006
-0.765, -8.379e-006
-0.766, -8.397e-006
-0.767, -8.430e-006
-0.768, -8.504e-006
-0.769, -8.501e-006
-0.770, -8.519e-006
-0.771, -8.546e-006
-0.772, -8.593e-006
-0.773, -8.596e-006
-0.774, -8.645e-006
-0.775, -8.668e-006
-0.776, -8.713e-006
-0.777, -8.750e-006
-0.778, -8.769e-006
-0.779, -8.793e-006
-0.780, -8.834e-006
-0.781, -8.848e-006
-0.782, -8.894e-006
-0.783, -8.927e-006
-0.784, -8.964e-006
-0.785, -8.996e-006
-0.786, -9.033e-006
-0.787, -9.050e-006
-0.788, -9.091e-006
-0.789, -9.142e-006
-0.790, -9.162e-006
-0.791, -9.204e-006
-0.792, -9.227e-006
-0.793, -9.278e-006
-0.794, -9.345e-006
-0.795, -9.351e-006
-0.796, -9.378e-006
-0.797, -9.422e-006
-0.798, -9.480e-006
-0.799, -9.495e-006
-0.800, -8.535e-006
-0.799, -5.467e-006
-0.798, -4.569e-006
-0.797, -4.206e-006
-0.796, -3.975e-006
-0.795, -3.776e-006
-0.794, -3.582e-006
-0.793, -3.407e-006
-0.792, -3.281e-006
-0.791, -3.163e-006
-0.790, -3.038e-006
-0.789, -2.929e-006
-0.788, -2.843e-006
-0.787, -2.753e-006
-0.786, -2.648e-006
-0.785, -2.547e-006
-0.784, -2.456e-006
-0.783, -2.381e-006
-0.782, -2.336e-006
-0.781, -2.264e-006
-0.780, -2.182e-006
-0.779, -2.108e-006
-0.778, -2.048e-006
-0.777, -1.987e-006
-0.776, -1.924e-006
-0.775, -1.870e-006
-0.774, -1.833e-006
-0.773, -1.759e-006
-0.772, -1.704e-006
-0.771, -1.661e-006
-0.770, -1.609e-006
-0.769, -1.569e-006
-0.768, -1.503e-006
-0.767, -1.470e-006
-0.766, -1.440e-006
-0.765, -1.390e-006
-0.764, -1.341e-006
-0.763, -1.323e-006
-0.762, -1.282e-006
-0.761, -1.250e-006
-0.760, -1.204e-006
-0.759, -1.173e-006
-0.758, -1.126e-006
-0.757, -1.102e-006
-0.756, -1.080e-006
-0.755, -1.058e-006
-0.754, -1.024e-006
-0.753, -9.724e-007
-0.752, -9.459e-007
-0.751, -9.077e-007
-0.750, -9.011e-007
-0.749, -8.784e-007
-0.748, -8.357e-007
-0.747, -8.109e-007
-0.746, -7.769e-007
-0.745, -7.577e-007
-0.744, -7.308e-007
-0.743, -7.099e-007
-0.742, -6.581e-007
-0.741, -6.567e-007
-0.740, -6.411e-007
-0.739, -6.188e-007
-0.738, -5.932e-007
-0.737, -5.738e-007
-0.736, -5.560e-007
-0.735, -5.282e-007
-0.734, -5.168e-007
-0.733, -4.861e-007
-0.732, -4.686e-007
-0.731, -4.580e-007
-0.730, -4.322e-007
-0.729, -4.258e-007
-0.728, -4.020e-007
-0.727, -3.823e-007
-0.726, -3.535e-007
-0.725, -3.504e-007
-0.724, -3.246e-007
-0.723, -3.150e-007
-0.722, -2.880e-007
-0.721, -2.735e-007
-0.720, -2.615e-007
-0.719, -2.352e-007
-0.718, -2.356e-007
-0.717, -1.748e-007
-0.716, -1.490e-007
-0.715, -1.790e-007
-0.714, -1.635e-007
-0.713, -1.359e-007
-0.712, -1.434e-007
-0.711, -1.268e-007
-0.710, -1.290e-007
-0.709, -9.877e-008
-0.708, -7.810e-008
-0.707, -6.037e-008
-0.706, -4.284e-008
-0.705, -4.529e-008
-0.704, -4.901e-008
-0.703, -2.247e-008
-0.702, -1.659e-008
-0.701, +6.033e-009
-0.700, +2.308e-008
-0.699, +1.681e-008
-0.698, +3.091e-008
-0.697, +5.040e-008
-0.696, +6.500e-008
-0.695, +7.900e-008
-0.694, +9.203e-008
-0.693, +8.331e-008
-0.692, +1.065e-007
-0.691, +1.509e-007
-0.690, +1.405e-007
-0.689, +1.403e-007
-0.688, +1.470e-007
-0.687, +1.546e-007
-0.686, +1.558e-007
-0.685, +1.734e-007
-0.684, +1.762e-007
-0.683, +1.919e-007
-0.682, +1.915e-007
-0.681, +2.134e-007
-0.680, +2.216e-007
-0.679, +2.324e-007
-0.678, +2.199e-007
-0.677, +2.572e-007
-0.676, +2.599e-007
-0.675, +2.488e-007
-0.674, +2.666e-007
-0.673, +2.805e-007
-0.672, +2.897e-007
-0.671, +3.045e-007
-0.670, +2.987e-007
-0.669, +3.188e-007
-0.668, +3.233e-007
-0.667, +3.340e-007
-0.666, +3.533e-007
-0.665, +3.551e-007
-0.664, +3.610e-007
-0.663, +3.684e-007
-0.662, +3.625e-007
-0.661, +3.804e-007
-0.660, +3.827e-007
-0.659, +3.749e-007
-0.658, +3.887e-007
-0.657, +4.010e-007
-0.656, +4.074e-007
-0.655, +4.326e-007
-0.654, +4.188e-007
-0.653, +4.292e-007
-0.652, +4.259e-007
-0.651, +4.347e-007
-0.650, +4.441e-007
-0.649, +4.576e-007
-0.648, +4.638e-007
-0.647, +4.692e-007
-0.646, +4.522e-007
-0.645, +4.809e-007
-0.644, +4.859e-007
-0.643, +4.937e-007
-0.642, +5.021e-007
-0.641, +5.030e-007
-0.640, +5.274e-007
-0.639, +5.265e-007
-0.638, +5.179e-007
-0.637, +5.354e-007
-0.636, +5.436e-007
-0.635, +5.264e-007
-0.634, +5.319e-007
-0.633, +5.389e-007
-0.632, +5.442e-007
-0.631, +5.558e-007
-0.630, +5.606e-007
-0.629, +5.693e-007
-0.628, +5.717e-007
-0.627, +5.530e-007
-0.626, +5.894e-007
-0.625, +5.803e-007
-0.624, +5.899e-007
-0.623, +5.929e-007
-0.622, +5.979e-007
-0.621, +5.868e-007
-0.620, +6.003e-007
-0.619, +6.078e-007
-0.618, +6.191e-007
-0.617, +6.233e-007
-0.616, +6.303e-007
-0.615, +6.373e-007
-0.614, +6.936e-007
-0.613, +6.428e-007
-0.612, +6.354e-007
-0.611, +6.486e-007
-0.610, +6.545e-007
-0.609, +6.519e-007
-0.608, +6.578e-007
-0.607, +6.709e-007
-0.606, +6.651e-007
-0.605, +6.744e-007
-0.604, +6.884e-007
-0.603, +6.740e-007
-0.602, +6.766e-007
-0.601, +6.666e-007
-0.600, +6.852e-007
-0.599, +7.024e-007
-0.598, +6.986e-007
-0.597, +7.106e-007
-0.596, +7.026e-007
-0.595, +6.984e-007
-0.594, +7.152e-007
-0.593, +7.177e-007
-0.592, +7.121e-007
-0.591, +7.363e-007
-0.590, +7.163e-007
-0.589, +7.444e-007
-0.588, +7.536e-007
-0.587, +7.453e-007
-0.586, +7.544e-007
-0.585, +7.630e-007
-0.584, +7.506e-007
-0.583, +7.634e-007
-0.582, +7.514e-007
-0.581, +7.491e-007
-0.580, +7.636e-007
-0.579, +7.767e-007
-0.578, +7.631e-007
-0.577, +7.713e-007
-0.576, +7.702e-007
-0.575, +7.860e-007
-0.574, +7.765e-007
-0.573, +7.896e-007
-0.572, +7.861e-007
-0.571, +7.931e-007
-0.570, +8.006e-007
-0.569, +7.893e-007
-0.568, +7.900e-007
-0.567, +8.059e-007
-0.566, +8.133e-007
-0.565, +8.188e-007
-0.564, +8.154e-007
-0.563, +8.329e-007
-0.562, +8.310e-007
-0.561, +8.351e-007
-0.560, +8.180e-007
-0.559, +8.422e-007
-0.558, +8.348e-007
-0.557, +8.286e-007
-0.556, +8.303e-007
-0.555, +8.406e-007
-0.554, +8.511e-007
-0.553, +8.499e-007
-0.552, +8.432e-007
-0.551, +8.593e-007
-0.550, +8.404e-007
-0.549, +8.537e-007
-0.548, +8.759e-007
-0.547, +8.698e-007
-0.546, +8.716e-007
-0.545, +8.703e-007
-0.544, +8.682e-007
-0.543, +8.730e-007
-0.542, +8.632e-007
-0.541, +8.982e-007
-0.540, +8.993e-007
-0.539, +8.842e-007
-0.538, +8.993e-007
-0.537, +9.219e-007
-0.536, +8.961e-007
-0.535, +9.056e-007
-0.534, +9.120e-007
-0.533, +9.035e-007
-0.532, +9.078e-007
-0.531, +9.123e-007
-0.530, +9.069e-007
-0.529, +9.125e-007
-0.528, +9.256e-007
-0.527, +9.391e-007
-0.526, +9.103e-007
-0.525, +9.194e-007
-0.524, +9.257e-007
-0.523, +9.226e-007
-0.522, +9.372e-007
-0.521, +9.480e-007
-0.520, +9.384e-007
-0.519, +9.336e-007
-0.518, +9.364e-007
-0.517, +9.509e-007
-0.516, +9.583e-007
-0.515, +9.471e-007
-0.514, +9.596e-007
-0.513, +9.602e-007
-0.512, +1.015e-006
-0.511, +1.000e-006
-0.510, +9.558e-007
-0.509, +9.768e-007
-0.508, +9.812e-007
-0.507, +9.711e-007
-0.506, +9.704e-007
-0.505, +9.676e-007
-0.504, +9.748e-007
-0.503, +9.919e-007
-0.502, +1.006e-006
-0.501, +9.882e-007
-0.500, +9.967e-007
-0.499, +9.818e-007
-0.498, +1.001e-006
-0.497, +9.974e-007
-0.496, +9.935e-007
-0.495, +1.006e-006
-0.494, +1.007e-006
-0.493, +1.006e-006
-0.492, +1.013e-006
-0.491, +1.009e-006
-0.490, +1.026e-006
-0.489, +1.035e-006
-0.488, +1.028e-006
-0.487, +1.033e-006
-0.486, +1.049e-006
-0.485, +1.029e-006
-0.484, +1.040e-006
-0.483, +1.048e-006
-0.482, +1.047e-006
-0.481, +1.049e-006
-0.480, +1.038e-006
-0.479, +1.044e-006
-0.478, +1.044e-006
-0.477, +1.054e-006
-0.476, +1.057e-006
-0.475, +1.048e-006
-0.474, +1.056e-006
-0.473, +1.057e-006
-0.472, +1.065e-006
-0.471, +1.071e-006
-0.470, +1.084e-006
-0.469, +1.072e-006
-0.468, +1.071e-006
-0.467, +1.074e-006
-0.466, +1.086e-006
-0.465, +1.074e-006
-0.464, +1.084e-006
-0.463, +1.100e-006
-0.462, +1.087e-006
-0.461, +1.109e-006
-0.460, +1.115e-006
-0.459, +1.097e-006
-0.458, +1.115e-006
-0.457, +1.107e-006
-0.456, +1.107e-006
-0.455, +1.111e-006
-0.454, +1.099e-006
-0.453, +1.113e-006
-0.452, +1.128e-006
-0.451, +1.124e-006
-0.450, +1.125e-006
-0.449, +1.125e-006
-0.448, +1.121e-006
-0.447, +1.127e-006
-0.446, +1.122e-006
-0.445, +1.139e-006
-0.444, +1.139e-006
-0.443, +1.140e-006
-0.442, +1.141e-006
-0.441, +1.141e-006
-0.440, +1.140e-006
-0.439, +1.156e-006
-0.438, +1.157e-006
-0.437, +1.160e-006
-0.436, +1.163e-006
-0.435, +1.188e-006
-0.434, +1.175e-006
-0.433, +1.164e-006
-0.432, +1.160e-006
-0.431, +1.175e-006
-0.430, +1.171e-006
-0.429, +1.177e-006
-0.428, +1.176e-006
-0.427, +1.183e-006
-0.426, +1.182e-006
-0.425, +1.194e-006
-0.424, +1.190e-006
-0.423, +1.197e-006
-0.422, +1.182e-006
-0.421, +1.200e-006
-0.420, +1.197e-006
-0.419, +1.207e-006
-0.418, +1.214e-006
-0.417, +1.215e-006
-0.416, +1.200e-006
-0.415, +1.208e-006
-0.414, +1.218e-006
-0.413, +1.215e-006
-0.412, +1.223e-006
-0.411, +1.230e-006
-0.410, +1.213e-006
-0.409, +1.150e-006
-0.408, +1.225e-006
-0.407, +1.238e-006
-0.406, +1.234e-006
-0.405, +1.243e-006
-0.404, +1.247e-006
-0.403, +1.243e-006
-0.402, +1.256e-006
-0.401, +1.257e-006
-0.400, +1.257e-006
-0.399, +1.258e-006
-0.398, +1.255e-006
-0.397, +1.255e-006
-0.396, +1.246e-006
-0.395, +1.270e-006
-0.394, +1.276e-006
-0.393, +1.271e-006
-0.392, +1.266e-006
-0.391, +1.270e-006
-0.390, +1.274e-006
-0.389, +1.283e-006
-0.388, +1.287e-006
-0.387, +1.294e-006
-0.386, +1.297e-006
-0.385, +1.292e-006
-0.384, +1.319e-006
-0.383, +1.310e-006
-0.382, +1.304e-006
-0.381, +1.306e-006
-0.380, +1.313e-006
-0.379, +1.317e-006
-0.378, +1.319e-006
-0.377, +1.309e-006
-0.376, +1.319e-006
-0.375, +1.329e-006
-0.374, +1.331e-006
-0.373, +1.329e-006
-0.372, +1.330e-006
-0.371, +1.326e-006
-0.370, +1.333e-006
-0.369, +1.336e-006
-0.368, +1.347e-006
-0.367, +1.352e-006
-0.366, +1.348e-006
-0.365, +1.343e-006
-0.364, +1.346e-006
-0.363, +1.354e-006
-0.362, +1.361e-006
-0.361, +1.362e-006
-0.360, +1.360e-006
-0.359, +1.376e-006
-0.358, +1.389e-006
-0.357, +1.379e-006
-0.356, +1.371e-006
-0.355, +1.379e-006
-0.354, +1.377e-006
-0.353, +1.377e-006
-0.352, +1.385e-006
-0.351, +1.382e-006
-0.350, +1.387e-006
-0.349, +1.394e-006
-0.348, +1.409e-006
-0.347, +1.400e-006
-0.346, +1.403e-006
-0.345, +1.396e-006
-0.344, +1.406e-006
-0.343, +1.415e-006
-0.342, +1.418e-006
-0.341, +1.405e-006
-0.340, +1.427e-006
-0.339, +1.418e-006
-0.338, +1.427e-006
-0.337, +1.423e-006
-0.336, +1.430e-006
-0.335, +1.445e-006
-0.334, +1.422e-006
-0.333, +1.455e-006
-0.332, +1.463e-006
-0.331, +1.448e-006
-0.330, +1.447e-006
-0.329, +1.458e-006
-0.328, +1.451e-006
-0.327, +1.467e-006
-0.326, +1.447e-006
-0.325, +1.456e-006
-0.324, +1.459e-006
-0.323, +1.468e-006
-0.322, +1.479e-006
-0.321, +1.471e-006
-0.320, +1.463e-006
-0.319, +1.475e-006
-0.318, +1.474e-006
-0.317, +1.480e-006
-0.316, +1.490e-006
-0.315, +1.494e-006
-0.314, +1.491e-006
-0.313, +1.475e-006
-0.312, +1.486e-006
-0.311, +1.501e-006
-0.310, +1.513e-006
-0.309, +1.506e-006
-0.308, +1.510e-006
-0.307, +1.565e-006
-0.306, +1.541e-006
-0.305, +1.520e-006
-0.304, +1.521e-006
-0.303, +1.531e-006
-0.302, +1.517e-006
-0.301, +1.520e-006
-0.300, +1.527e-006
-0.299, +1.534e-006
-0.298, +1.549e-006
-0.297, +1.551e-006
-0.296, +1.542e-006
-0.295, +1.555e-006
-0.294, +1.543e-006
-0.293, +1.552e-006
-0.292, +1.557e-006
-0.291, +1.569e-006
-0.290, +1.569e-006
-0.289, +1.567e-006
-0.288, +1.562e-006
-0.287, +1.571e-006
-0.286, +1.576e-006
-0.285, +1.578e-006
-0.284, +1.591e-006
-0.283, +1.581e-006
-0.282, +1.597e-006
-0.281, +1.626e-006
-0.280, +1.597e-006
-0.279, +1.601e-006
-0.278, +1.612e-006
-0.277, +1.604e-006
-0.276, +1.609e-006
-0.275, +1.610e-006
-0.274, +1.623e-006
-0.273, +1.623e-006
-0.272, +1.627e-006
-0.271, +1.631e-006
-0.270, +1.625e-006
-0.269, +1.632e-006
-0.268, +1.634e-006
-0.267, +1.639e-006
-0.266, +1.657e-006
-0.265, +1.666e-006
-0.264, +1.657e-006
-0.263, +1.662e-006
-0.262, +1.665e-006
-0.261, +1.668e-006
-0.260, +1.677e-006
-0.259, +1.681e-006
-0.258, +1.686e-006
-0.257, +1.687e-006
-0.256, +1.702e-006
-0.255, +1.705e-006
-0.254, +1.706e-006
-0.253, +1.711e-006
-0.252, +1.714e-006
-0.251, +1.707e-006
-0.250, +1.729e-006
-0.249, +1.719e-006
-0.248, +1.732e-006
-0.247, +1.730e-006
-0.246, +1.745e-006
-0.245, +1.742e-006
-0.244, +1.750e-006
-0.243, +1.742e-006
-0.242, +1.764e-006
-0.241, +1.763e-006
-0.240, +1.778e-006
-0.239, +1.778e-006
-0.238, +1.784e-006
-0.237, +1.788e-006
-0.236, +1.799e-006
-0.235, +1.795e-006
-0.234, +1.815e-006
-0.233, +1.823e-006
-0.232, +1.815e-006
-0.231, +1.832e-006
-0.230, +1.867e-006
-0.229, +1.840e-006
-0.228, +1.846e-006
-0.227, +1.856e-006
-0.226, +1.860e-006
-0.225, +1.868e-006
-0.224, +1.865e-006
-0.223, +1.871e-006
-0.222, +1.877e-006
-0.221, +1.893e-006
-0.220, +1.907e-006
-0.219, +1.904e-006
-0.218, +1.907e-006
-0.217, +1.908e-006
-0.216, +1.917e-006
-0.215, +1.940e-006
-0.214, +1.952e-006
-0.213, +1.948e-006
-0.212, +1.956e-006
-0.211, +1.962e-006
-0.210, +1.975e-006
-0.209, +1.982e-006
-0.208, +1.994e-006
-0.207, +2.002e-006
-0.206, +2.008e-006
-0.205, +2.041e-006
-0.204, +2.066e-006
-0.203, +2.039e-006
-0.202, +2.054e-006
-0.201, +2.057e-006
-0.200, +2.064e-006
-0.199, +2.078e-006
-0.198, +2.080e-006
-0.197, +2.094e-006
-0.196, +2.101e-006
-0.195, +2.115e-006
-0.194, +2.134e-006
-0.193, +2.131e-006
-0.192, +2.127e-006
-0.191, +2.143e-006
-0.190, +2.162e-006
-0.189, +2.176e-006
-0.188, +2.178e-006
-0.187, +2.180e-006
-0.186, +2.195e-006
-0.185, +2.208e-006
-0.184, +2.213e-006
-0.183, +2.232e-006
-0.182, +2.236e-006
-0.181, +2.244e-006
-0.180, +2.258e-006
-0.179, +2.283e-006
-0.178, +2.292e-006
-0.177, +2.283e-006
-0.176, +2.292e-006
-0.175, +2.304e-006
-0.174, +2.309e-006
-0.173, +2.323e-006
-0.172, +2.328e-006
-0.171, +2.346e-006
-0.170, +2.355e-006
-0.169, +2.362e-006
-0.168, +2.377e-006
-0.167, +2.381e-006
-0.166, +2.380e-006
-0.165, +2.400e-006
-0.164, +2.412e-006
-0.163, +2.424e-006
-0.162, +2.435e-006
-0.161, +2.446e-006
-0.160, +2.446e-006
-0.159, +2.454e-006
-0.158, +2.464e-006
-0.157, +2.484e-006
-0.156, +2.495e-006
-0.155, +2.486e-006
-0.154, +2.514e-006
-0.153, +2.524e-006
-0.152, +2.515e-006
-0.151, +2.529e-006
-0.150, +2.538e-006
-0.149, +2.546e-006
-0.148, +2.548e-006
-0.147, +2.540e-006
-0.146, +2.566e-006
-0.145, +2.566e-006
-0.144, +2.572e-006
-0.143, +2.588e-006
-0.142, +2.584e-006
-0.141, +2.588e-006
-0.140, +2.586e-006
-0.139, +2.601e-006
-0.138, +2.607e-006
-0.137, +2.608e-006
-0.136, +2.613e-006
-0.135, +2.616e-006
-0.134, +2.616e-006
-0.133, +2.620e-006
-0.132, +2.628e-006
-0.131, +2.638e-006
-0.130, +2.643e-006
-0.129, +2.642e-006
-0.128, +2.660e-006
-0.127, +2.655e-006
-0.126, +2.639e-006
-0.125, +2.655e-006
-0.124, +2.659e-006
-0.123, +2.648e-006
-0.122, +2.652e-006
-0.121, +2.648e-006
-0.120, +2.648e-006
-0.119, +2.650e-006
-0.118, +2.663e-006
-0.117, +2.658e-006
-0.116, +2.655e-006
-0.115, +2.633e-006
-0.114, +2.667e-006
-0.113, +2.657e-006
-0.112, +2.647e-006
-0.111, +2.666e-006
-0.110, +2.659e-006
-0.109, +2.640e-006
-0.108, +2.641e-006
-0.107, +2.643e-006
-0.106, +2.653e-006
-0.105, +2.647e-006
-0.104, +2.645e-006
-0.103, +2.646e-006
-0.102, +2.692e-006
-0.101, +2.641e-006
-0.100, +2.635e-006
-0.099, +2.636e-006
-0.098, +2.637e-006
-0.097, +2.628e-006
-0.096, +2.606e-006
-0.095, +2.625e-006
-0.094, +2.608e-006
-0.093, +2.624e-006
-0.092, +2.613e-006
-0.091, +2.601e-006
-0.090, +2.596e-006
-0.089, +2.593e-006
-0.088, +2.595e-006
-0.087, +2.595e-006
-0.086, +2.588e-006
-0.085, +2.588e-006
-0.084, +2.573e-006
-0.083, +2.565e-006
-0.082, +2.571e-006
-0.081, +2.557e-006
-0.080, +2.563e-006
-0.079, +2.557e-006
-0.078, +2.548e-006
-0.077, +2.558e-006
-0.076, +2.561e-006
-0.075, +2.540e-006
-0.074, +2.538e-006
-0.073, +2.543e-006
-0.072, +2.534e-006
-0.071, +2.519e-006
-0.070, +2.518e-006
-0.069, +2.521e-006
-0.068, +2.510e-006
-0.067, +2.505e-006
-0.066, +2.510e-006
-0.065, +2.501e-006
-0.064, +2.482e-006
-0.063, +2.485e-006
-0.062, +2.484e-006
-0.061, +2.480e-006
-0.060, +2.482e-006
-0.059, +2.470e-006
-0.058, +2.474e-006
-0.057, +2.467e-006
-0.056, +2.456e-006
-0.055, +2.455e-006
-0.054, +2.450e-006
-0.053, +2.447e-006
-0.052, +2.448e-006
-0.051, +2.458e-006
-0.050, +2.439e-006
-0.049, +2.436e-006
-0.048, +2.424e-006
-0.047, +2.430e-006
-0.046, +2.415e-006
-0.045, +2.414e-006
-0.044, +2.411e-006
-0.043, +2.395e-006
-0.042, +2.400e-006
-0.041, +2.406e-006
-0.040, +2.389e-006
-0.039, +2.393e-006
-0.038, +2.377e-006
-0.037, +2.381e-006
-0.036, +2.388e-006
-0.035, +2.376e-006
-0.034, +2.371e-006
-0.033, +2.371e-006
-0.032, +2.357e-006
-0.031, +2.368e-006
-0.030, +2.353e-006
-0.029, +2.360e-006
-0.028, +2.359e-006
-0.027, +2.347e-006
-0.026, +2.355e-006
-0.025, +2.362e-006
-0.024, +2.338e-006
-0.023, +2.334e-006
-0.022, +2.330e-006
-0.021, +2.327e-006
-0.020, +2.319e-006
-0.019, +2.307e-006
-0.018, +2.314e-006
-0.017, +2.320e-006
-0.016, +2.312e-006
-0.015, +2.298e-006
-0.014, +2.303e-006
-0.013, +2.298e-006
-0.012, +2.289e-006
-0.011, +2.290e-006
-0.010, +2.292e-006
-0.009, +2.292e-006
-0.008, +2.281e-006
-0.007, +2.287e-006
-0.006, +2.263e-006
-0.005, +2.275e-006
-0.004, +2.270e-006
-0.003, +2.271e-006
-0.002, +2.264e-006
-0.001, +2.265e-006
-0.000, +2.177e-006
0.001, +2.223e-006
0.002, +2.249e-006
0.003, +2.251e-006
0.004, +2.249e-006
0.005, +2.240e-006
0.006, +2.247e-006
0.007, +2.232e-006
0.008, +2.230e-006
0.009, +2.238e-006
0.010, +2.240e-006
0.011, +2.235e-006
0.012, +2.221e-006
0.013, +2.215e-006
0.014, +2.220e-006
0.015, +2.227e-006
0.016, +2.219e-006
0.017, +2.217e-006
0.018, +2.207e-006
0.019, +2.213e-006
0.020, +2.204e-006
0.021, +2.198e-006
0.022, +2.204e-006
0.023, +2.195e-006
0.024, +2.204e-006
0.025, +2.198e-006
0.026, +2.211e-006
0.027, +2.194e-006
0.028, +2.189e-006
0.029, +2.191e-006
0.030, +2.184e-006
0.031, +2.183e-006
0.032, +2.176e-006
0.033, +2.176e-006
0.034, +2.171e-006
0.035, +2.172e-006
0.036, +2.165e-006
0.037, +2.169e-006
0.038, +2.164e-006
0.039, +2.157e-006
0.040, +2.161e-006
0.041, +2.158e-006
0.042, +2.156e-006
0.043, +2.151e-006
0.044, +2.151e-006
0.045, +2.141e-006
0.046, +2.146e-006
0.047, +2.143e-006
0.048, +2.146e-006
0.049, +2.141e-006
0.050, +2.139e-006
0.051, +2.143e-006
0.052, +2.150e-006
0.053, +2.135e-006
0.054, +2.137e-006
0.055, +2.131e-006
0.056, +2.123e-006
0.057, +2.126e-006
0.058, +2.120e-006
0.059, +2.119e-006
0.060, +2.123e-006
0.061, +2.122e-006
0.062, +2.117e-006
0.063, +2.113e-006
0.064, +2.096e-006
0.065, +2.106e-006
0.066, +2.104e-006
0.067, +2.107e-006
0.068, +2.109e-006
0.069, +2.104e-006
0.070, +2.103e-006
0.071, +2.096e-006
0.072, +2.096e-006
0.073, +2.101e-006
0.074, +2.098e-006
0.075, +2.096e-006
0.076, +2.088e-006
0.077, +2.114e-006
0.078, +2.094e-006
0.079, +2.086e-006
0.080, +2.086e-006
0.081, +2.087e-006
0.082, +2.079e-006
0.083, +2.076e-006
0.084, +2.072e-006
0.085, +2.076e-006
0.086, +2.085e-006
0.087, +2.079e-006
0.088, +2.075e-006
0.089, +2.071e-006
0.090, +2.065e-006
0.091, +2.066e-006
0.092, +2.069e-006
0.093, +2.067e-006
0.094, +2.068e-006
0.095, +2.064e-006
0.096, +2.054e-006
0.097, +2.059e-006
0.098, +2.057e-006
0.099, +2.063e-006
0.100, +2.061e-006
0.101, +2.053e-006
0.102, +2.078e-006
0.103, +2.085e-006
0.104, +2.057e-006
0.105, +2.058e-006
0.106, +2.054e-006
0.107, +2.045e-006
0.108, +2.051e-006
0.109, +2.045e-006
0.110, +2.052e-006
0.111, +2.051e-006
0.112, +2.050e-006
0.113, +2.047e-006
0.114, +2.036e-006
0.115, +2.034e-006
0.116, +2.039e-006
0.117, +2.033e-006
0.118, +2.040e-006
0.119, +2.038e-006
0.120, +2.038e-006
0.121, +2.035e-006
0.122, +2.029e-006
0.123, +2.027e-006
0.124, +2.032e-006
0.125, +2.030e-006
0.126, +2.032e-006
0.127, +2.027e-006
0.128, +2.039e-006
0.129, +2.031e-006
0.130, +2.024e-006
0.131, +2.029e-006
0.132, +2.022e-006
0.133, +2.026e-006
0.134, +2.020e-006
0.135, +2.016e-006
0.136, +2.022e-006
0.137, +2.026e-006
0.138, +2.020e-006
0.139, +2.021e-006
0.140, +2.017e-006
0.141, +2.002e-006
0.142, +2.011e-006
0.143, +2.011e-006
0.144, +2.018e-006
0.145, +2.016e-006
0.146, +2.005e-006
0.147, +2.008e-006
0.148, +2.006e-006
0.149, +2.005e-006
0.150, +2.011e-006
0.151, +2.013e-006
0.152, +2.004e-006
0.153, +2.010e-006
0.154, +2.021e-006
0.155, +2.006e-006
0.156, +2.005e-006
0.157, +2.007e-006
0.158, +2.006e-006
0.159, +2.004e-006
0.160, +1.995e-006
0.161, +2.001e-006
0.162, +1.999e-006
0.163, +2.002e-006
0.164, +2.014e-006
0.165, +1.997e-006
0.166, +1.997e-006
0.167, +1.990e-006
0.168, +2.001e-006
0.169, +1.998e-006
0.170, +2.000e-006
0.171, +1.998e-006
0.172, +2.000e-006
0.173, +1.991e-006
0.174, +1.996e-006
0.175, +1.994e-006
0.176, +2.002e-006
0.177, +1.999e-006
0.178, +1.989e-006
0.179, +2.004e-006
0.180, +2.004e-006
0.181, +1.990e-006
0.182, +2.000e-006
0.183, +1.994e-006
0.184, +1.992e-006
0.185, +1.995e-006
0.186, +1.982e-006
0.187, +1.989e-006
0.188, +1.995e-006
0.189, +1.990e-006
0.190, +1.991e-006
0.191, +1.992e-006
0.192, +1.978e-006
0.193, +1.987e-006
0.194, +1.987e-006
0.195, +1.991e-006
0.196, +1.991e-006
0.197, +1.984e-006
0.198, +1.987e-006
0.199, +1.983e-006
0.200, +1.980e-006
0.201, +1.987e-006
0.202, +1.987e-006
0.203, +1.985e-006
0.204, +1.990e-006
0.205, +2.023e-006
0.206, +2.000e-006
0.207, +1.985e-006
0.208, +1.988e-006
0.209, +1.982e-006
0.210, +1.982e-006
0.211, +1.985e-006
0.212, +1.984e-006
0.213, +1.980e-006
0.214, +1.986e-006
0.215, +1.985e-006
0.216, +1.981e-006
0.217, +1.990e-006
0.218, +1.973e-006
0.219, +1.982e-006
0.220, +1.982e-006
0.221, +1.984e-006
0.222, +1.985e-006
0.223, +1.977e-006
0.224, +1.977e-006
0.225, +1.985e-006
0.226, +1.982e-006
0.227, +1.988e-006
0.228, +1.987e-006
0.229, +1.983e-006
0.230, +1.987e-006
0.231, +1.995e-006
0.232, +1.977e-006
0.233, +1.983e-006
0.234, +1.979e-006
0.235, +1.980e-006
0.236, +1.985e-006
0.237, +1.967e-006
0.238, +1.979e-006
0.239, +1.981e-006
0.240, +1.987e-006
0.241, +1.984e-006
0.242, +1.978e-006
0.243, +1.978e-006
0.244, +1.977e-006
0.245, +1.978e-006
0.246, +1.986e-006
0.247, +1.983e-006
0.248, +1.983e-006
0.249, +1.986e-006
0.250, +1.978e-006
0.251, +1.981e-006
0.252, +1.984e-006
0.253, +1.983e-006
0.254, +1.982e-006
0.255, +1.978e-006
0.256, +1.988e-006
0.257, +1.994e-006
0.258, +1.978e-006
0.259, +1.979e-006
0.260, +1.993e-006
0.261, +1.973e-006
0.262, +1.982e-006
0.263, +1.988e-006
0.264, +1.982e-006
0.265, +1.985e-006
0.266, +1.986e-006
0.267, +1.986e-006
0.268, +1.985e-006
0.269, +1.980e-006
0.270, +1.983e-006
0.271, +1.988e-006
0.272, +1.989e-006
0.273, +1.987e-006
0.274, +1.982e-006
0.275, +1.975e-006
0.276, +1.988e-006
0.277, +1.990e-006
0.278, +1.991e-006
0.279, +1.987e-006
0.280, +1.986e-006
0.281, +1.996e-006
0.282, +2.008e-006
0.283, +1.988e-006
0.284, +1.994e-006
0.285, +1.999e-006
0.286, +1.995e-006
0.287, +1.989e-006
0.288, +1.986e-006
0.289, +1.989e-006
0.290, +1.989e-006
0.291, +1.991e-006
0.292, +2.000e-006
0.293, +1.995e-006
0.294, +1.994e-006
0.295, +1.982e-006
0.296, +1.997e-006
0.297, +2.000e-006
0.298, +1.992e-006
0.299, +1.993e-006
0.300, +1.993e-006
0.301, +1.994e-006
0.302, +1.999e-006
0.303, +1.996e-006
0.304, +1.997e-006
0.305, +2.005e-006
0.306, +1.996e-006
0.307, +2.025e-006
0.308, +2.027e-006
0.309, +2.005e-006
0.310, +2.003e-006
0.311, +2.006e-006
0.312, +1.998e-006
0.313, +2.005e-006
0.314, +1.998e-006
0.315, +2.010e-006
0.316, +2.006e-006
0.317, +2.003e-006
0.318, +2.008e-006
0.319, +2.006e-006
0.320, +1.996e-006
0.321, +2.011e-006
0.322, +2.009e-006
0.323, +2.012e-006
0.324, +2.015e-006
0.325, +2.009e-006
0.326, +2.008e-006
0.327, +2.006e-006
0.328, +2.012e-006
0.329, +2.021e-006
0.330, +2.013e-006
0.331, +2.011e-006
0.332, +2.010e-006
0.333, +2.025e-006
0.334, +2.018e-006
0.335, +2.020e-006
0.336, +2.018e-006
0.337, +2.019e-006
0.338, +2.014e-006
0.339, +2.015e-006
0.340, +2.010e-006
0.341, +2.015e-006
0.342, +2.021e-006
0.343, +2.020e-006
0.344, +2.023e-006
0.345, +2.023e-006
0.346, +2.014e-006
0.347, +2.019e-006
0.348, +2.025e-006
0.349, +2.028e-006
0.350, +2.029e-006
0.351, +2.022e-006
0.352, +2.022e-006
0.353, +2.027e-006
0.354, +2.026e-006
0.355, +2.031e-006
0.356, +2.033e-006
0.357, +2.026e-006
0.358, +2.036e-006
0.359, +2.035e-006
0.360, +2.021e-006
0.361, +2.028e-006
0.362, +2.035e-006
0.363, +2.033e-006
0.364, +2.027e-006
0.365, +2.020e-006
0.366, +2.028e-006
0.367, +2.031e-006
0.368, +2.034e-006
0.369, +2.035e-006
0.370, +2.028e-006
0.371, +2.033e-006
0.372, +2.034e-006
0.373, +2.028e-006
0.374, +2.041e-006
0.375, +2.039e-006
0.376, +2.034e-006
0.377, +2.039e-006
0.378, +2.023e-006
0.379, +2.034e-006
0.380, +2.041e-006
0.381, +2.036e-006
0.382, +2.040e-006
0.383, +2.042e-006
0.384, +2.049e-006
0.385, +2.051e-006
0.386, +2.036e-006
0.387, +2.039e-006
0.388, +2.046e-006
0.389, +2.038e-006
0.390, +2.044e-006
0.391, +2.039e-006
0.392, +2.048e-006
0.393, +2.046e-006
0.394, +2.046e-006
0.395, +2.044e-006
0.396, +2.046e-006
0.397, +2.036e-006
0.398, +2.045e-006
0.399, +2.042e-006
0.400, +2.051e-006
0.401, +2.048e-006
0.402, +2.044e-006
0.403, +2.045e-006
0.404, +2.047e-006
0.405, +2.046e-006
0.406, +2.051e-006
0.407, +2.048e-006
0.408, +2.045e-006
0.409, +2.042e-006
0.410, +1.956e-006
0.411, +2.033e-006
0.412, +2.043e-006
0.413, +2.051e-006
0.414, +2.047e-006
0.415, +2.045e-006
0.416, +2.047e-006
0.417, +2.053e-006
0.418, +2.049e-006
0.419, +2.052e-006
0.420, +2.054e-006
0.421, +2.051e-006
0.422, +2.046e-006
0.423, +2.052e-006
0.424, +2.054e-006
0.425, +2.057e-006
0.426, +2.057e-006
0.427, +2.055e-006
0.428, +2.059e-006
0.429, +2.052e-006
0.430, +2.053e-006
0.431, +2.057e-006
0.432, +2.061e-006
0.433, +2.059e-006
0.434, +2.057e-006
0.435, +2.066e-006
0.436, +2.063e-006
0.437, +2.050e-006
0.438, +2.061e-006
0.439, +2.060e-006
0.440, +2.056e-006
0.441, +2.058e-006
0.442, +2.054e-006
0.443, +2.052e-006
0.444, +2.059e-006
0.445, +2.058e-006
0.446, +2.059e-006
0.447, +2.056e-006
0.448, +2.054e-006
0.449, +2.058e-006
0.450, +2.058e-006
0.451, +2.058e-006
0.452, +2.066e-006
0.453, +2.060e-006
0.454, +2.061e-006
0.455, +2.055e-006
0.456, +2.062e-006
0.457, +2.061e-006
0.458, +2.061e-006
0.459, +2.059e-006
0.460, +2.058e-006
0.461, +2.072e-006
0.462, +2.062e-006
0.463, +2.060e-006
0.464, +2.058e-006
0.465, +2.066e-006
0.466, +2.057e-006
0.467, +2.060e-006
0.468, +2.060e-006
0.469, +2.053e-006
0.470, +2.065e-006
0.471, +2.066e-006
0.472, +2.056e-006
0.473, +2.062e-006
0.474, +2.053e-006
0.475, +2.058e-006
0.476, +2.063e-006
0.477, +2.061e-006
0.478, +2.063e-006
0.479, +2.059e-006
0.480, +2.056e-006
0.481, +2.057e-006
0.482, +2.060e-006
0.483, +2.060e-006
0.484, +2.065e-006
0.485, +2.059e-006
0.486, +2.062e-006
0.487, +2.069e-006
0.488, +2.056e-006
0.489, +2.060e-006
0.490, +2.057e-006
0.491, +2.056e-006
0.492, +2.061e-006
0.493, +2.051e-006
0.494, +2.050e-006
0.495, +2.057e-006
0.496, +2.059e-006
0.497, +2.062e-006
0.498, +2.057e-006
0.499, +2.054e-006
0.500, +2.053e-006
0.501, +2.056e-006
0.502, +2.059e-006
0.503, +2.058e-006
0.504, +2.056e-006
0.505, +2.057e-006
0.506, +2.049e-006
0.507, +2.056e-006
0.508, +2.054e-006
0.509, +2.055e-006
0.510, +2.056e-006
0.511, +2.055e-006
0.512, +2.081e-006
0.513, +2.067e-006
0.514, +2.055e-006
0.515, +2.047e-006
0.516, +2.060e-006
0.517, +2.048e-006
0.518, +2.055e-006
0.519, +2.046e-006
0.520, +2.054e-006
0.521, +2.054e-006
0.522, +2.053e-006
0.523, +2.049e-006
0.524, +2.051e-006
0.525, +2.041e-006
0.526, +2.049e-006
0.527, +2.050e-006
0.528, +2.047e-006
0.529, +2.055e-006
0.530, +2.045e-006
0.531, +2.045e-006
0.532, +2.048e-006
0.533, +2.045e-006
0.534, +2.049e-006
0.535, +2.047e-006
0.536, +2.045e-006
0.537, +2.047e-006
0.538, +2.059e-006
0.539, +2.043e-006
0.540, +2.044e-006
0.541, +2.046e-006
0.542, +2.051e-006
0.543, +2.045e-006
0.544, +2.041e-006
0.545, +2.042e-006
0.546, +2.042e-006
0.547, +2.040e-006
0.548, +2.041e-006
0.549, +2.041e-006
0.550, +2.039e-006
0.551, +2.031e-006
0.552, +2.035e-006
0.553, +2.040e-006
0.554, +2.036e-006
0.555, +2.039e-006
0.556, +2.034e-006
0.557, +2.031e-006
0.558, +2.036e-006
0.559, +2.033e-006
0.560, +2.036e-006
0.561, +2.034e-006
0.562, +2.033e-006
0.563, +2.044e-006
0.564, +2.043e-006
0.565, +2.035e-006
0.566, +2.033e-006
0.567, +2.041e-006
0.568, +2.031e-006
0.569, +2.033e-006
0.570, +2.028e-006
0.571, +2.031e-006
0.572, +2.036e-006
0.573, +2.033e-006
0.574, +2.035e-006
0.575, +2.033e-006
0.576, +2.025e-006
0.577, +2.030e-006
0.578, +2.028e-006
0.579, +2.032e-006
0.580, +2.031e-006
0.581, +2.030e-006
0.582, +2.033e-006
0.583, +2.024e-006
0.584, +2.029e-006
0.585, +2.032e-006
0.586, +2.029e-006
0.587, +2.028e-006
0.588, +2.025e-006
0.589, +2.037e-006
0.590, +2.027e-006
0.591, +2.020e-006
0.592, +2.025e-006
0.593, +2.024e-006
0.594, +2.018e-006
0.595, +2.018e-006
0.596, +2.022e-006
0.597, +2.016e-006
0.598, +2.022e-006
0.599, +2.023e-006
0.600, +2.022e-006
0.601, +2.024e-006
0.602, +2.014e-006
0.603, +2.019e-006
0.604, +2.026e-006
0.605, +2.021e-006
0.606, +2.022e-006
0.607, +2.018e-006
0.608, +2.016e-006
0.609, +2.020e-006
0.610, +2.020e-006
0.611, +2.020e-006
0.612, +2.024e-006
0.613, +2.016e-006
0.614, +2.028e-006
0.615, +2.044e-006
0.616, +2.019e-006
0.617, +2.021e-006
0.618, +2.018e-006
0.619, +2.020e-006
0.620, +2.021e-006
0.621, +2.013e-006
0.622, +2.017e-006
0.623, +2.013e-006
0.624, +2.012e-006
0.625, +2.019e-006
0.626, +2.011e-006
0.627, +2.005e-006
0.628, +2.006e-006
0.629, +2.010e-006
0.630, +2.018e-006
0.631, +2.013e-006
0.632, +2.011e-006
0.633, +2.014e-006
0.634, +2.007e-006
0.635, +2.012e-006
0.636, +2.012e-006
0.637, +2.011e-006
0.638, +2.015e-006
0.639, +2.010e-006
0.640, +2.023e-006
0.641, +2.020e-006
0.642, +2.010e-006
0.643, +2.009e-006
0.644, +2.010e-006
0.645, +2.010e-006
0.646, +2.010e-006
0.647, +2.010e-006
0.648, +2.010e-006
0.649, +2.016e-006
0.650, +2.010e-006
0.651, +2.013e-006
0.652, +2.012e-006
0.653, +2.001e-006
0.654, +2.009e-006
0.655, +2.008e-006
0.656, +2.009e-006
0.657, +2.011e-006
0.658, +2.007e-006
0.659, +2.007e-006
0.660, +2.003e-006
0.661, +2.004e-006
0.662, +2.009e-006
0.663, +2.010e-006
0.664, +2.003e-006
0.665, +2.008e-006
0.666, +2.022e-006
0.667, +2.012e-006
0.668, +2.007e-006
0.669, +2.006e-006
0.670, +2.010e-006
0.671, +2.005e-006
0.672, +2.004e-006
0.673, +2.009e-006
0.674, +2.007e-006
0.675, +2.009e-006
0.676, +2.012e-006
0.677, +2.007e-006
0.678, +2.004e-006
0.679, +2.000e-006
0.680, +2.005e-006
0.681, +2.010e-006
0.682, +2.016e-006
0.683, +2.010e-006
0.684, +2.005e-006
0.685, +2.001e-006
0.686, +2.008e-006
0.687, +2.009e-006
0.688, +2.011e-006
0.689, +2.014e-006
0.690, +2.011e-006
0.691, +2.016e-006
0.692, +2.021e-006
0.693, +2.010e-006
0.694, +2.015e-006
0.695, +2.014e-006
0.696, +2.011e-006
0.697, +2.014e-006
0.698, +2.007e-006
0.699, +2.012e-006
0.700, +2.011e-006
0.701, +2.010e-006
0.702, +2.008e-006
0.703, +2.014e-006
0.704, +2.004e-006
0.705, +2.007e-006
0.706, +2.010e-006
0.707, +2.012e-006
0.708, +2.014e-006
0.709, +2.015e-006
0.710, +2.012e-006
0.711, +2.011e-006
0.712, +2.009e-006
0.713, +2.014e-006
0.714, +2.015e-006
0.715, +2.016e-006
0.716, +2.013e-006
0.717, +2.038e-006
0.718, +2.022e-006
0.719, +2.014e-006
0.720, +2.018e-006
0.721, +2.017e-006
0.722, +2.017e-006
0.723, +2.013e-006
0.724, +2.018e-006
0.725, +2.014e-006
0.726, +2.015e-006
0.727, +2.022e-006
0.728, +2.021e-006
0.729, +2.018e-006
0.730, +2.013e-006
0.731, +2.014e-006
0.732, +2.020e-006
0.733, +2.024e-006
0.734, +2.022e-006
0.735, +2.020e-006
0.736, +2.019e-006
0.737, +2.019e-006
0.738, +2.021e-006
0.739, +2.024e-006
0.740, +2.027e-006
0.741, +2.023e-006
0.742, +2.026e-006
0.743, +2.033e-006
0.744, +2.023e-006
0.745, +2.026e-006
0.746, +2.026e-006
0.747, +2.028e-006
0.748, +2.025e-006
0.749, +2.024e-006
0.750, +2.031e-006
0.751, +2.027e-006
0.752, +2.031e-006
0.753, +2.035e-006
0.754, +2.027e-006
0.755, +2.027e-006
0.756, +2.027e-006
0.757, +2.031e-006
0.758, +2.029e-006
0.759, +2.035e-006
0.760, +2.029e-006
0.761, +2.036e-006
0.762, +2.034e-006
0.763, +2.035e-006
0.764, +2.034e-006
0.765, +2.039e-006
0.766, +2.038e-006
0.767, +2.039e-006
0.768, +2.043e-006
0.769, +2.042e-006
0.770, +2.038e-006
0.771, +2.042e-006
0.772, +2.042e-006
0.773, +2.037e-006
0.774, +2.040e-006
0.775, +2.040e-006
0.776, +2.041e-006
0.777, +2.041e-006
0.778, +2.045e-006
0.779, +2.042e-006
0.780, +2.043e-006
0.781, +2.035e-006
0.782, +2.044e-006
0.783, +2.043e-006
0.784, +2.043e-006
0.785, +2.044e-006
0.786, +2.048e-006
0.787, +2.049e-006
0.788, +2.049e-006
0.789, +2.048e-006
0.790, +2.050e-006
0.791, +2.050e-006
0.792, +2.050e-006
0.793, +2.052e-006
0.794, +2.065e-006
0.795, +2.052e-006
0.796, +2.054e-006
0.797, +2.052e-006
0.798, +2.055e-006
0.799, +2.056e-006
0.800, +2.050e-006
0.801, +2.056e-006
0.802, +2.056e-006
0.803, +2.057e-006
0.804, +2.057e-006
0.805, +2.060e-006
0.806, +2.059e-006
0.807, +2.054e-006
0.808, +2.058e-006
0.809, +2.061e-006
0.810, +2.060e-006
0.811, +2.060e-006
0.812, +2.061e-006
0.813, +2.058e-006
0.814, +2.061e-006
0.815, +2.067e-006
0.816, +2.062e-006
0.817, +2.068e-006
0.818, +2.066e-006
0.819, +2.050e-006
0.820, +2.049e-006
0.821, +2.068e-006
0.822, +2.071e-006
0.823, +2.071e-006
0.824, +2.071e-006
0.825, +2.072e-006
0.826, +2.067e-006
0.827, +2.068e-006
0.828, +2.072e-006
0.829, +2.072e-006
0.830, +2.075e-006
0.831, +2.077e-006
0.832, +2.070e-006
0.833, +2.075e-006
0.834, +2.073e-006
0.835, +2.078e-006
0.836, +2.079e-006
0.837, +2.077e-006
0.838, +2.082e-006
0.839, +2.079e-006
0.840, +2.080e-006
0.841, +2.083e-006
0.842, +2.086e-006
0.843, +2.086e-006
0.844, +2.086e-006
0.845, +2.097e-006
0.846, +2.091e-006
0.847, +2.090e-006
0.848, +2.094e-006
0.849, +2.094e-006
0.850, +2.088e-006
0.851, +2.094e-006
0.852, +2.092e-006
0.853, +2.098e-006
0.854, +2.098e-006
0.855, +2.101e-006
0.856, +2.098e-006
0.857, +2.106e-006
0.858, +2.097e-006
0.859, +2.105e-006
0.860, +2.106e-006
0.861, +2.110e-006
0.862, +2.106e-006
0.863, +2.105e-006
0.864, +2.106e-006
0.865, +2.108e-006
0.866, +2.109e-006
0.867, +2.115e-006
0.868, +2.115e-006
0.869, +2.114e-006
0.870, +2.121e-006
0.871, +2.130e-006
0.872, +2.118e-006
0.873, +2.124e-006
0.874, +2.125e-006
0.875, +2.122e-006
0.876, +2.126e-006
0.877, +2.119e-006
0.878, +2.127e-006
0.879, +2.125e-006
0.880, +2.126e-006
0.881, +2.127e-006
0.882, +2.127e-006
0.883, +2.129e-006
0.884, +2.132e-006
0.885, +2.132e-006
0.886, +2.137e-006
0.887, +2.141e-006
0.888, +2.137e-006
0.889, +2.144e-006
0.890, +2.141e-006
0.891, +2.144e-006
0.892, +2.148e-006
0.893, +2.152e-006
0.894, +2.154e-006
0.895, +2.151e-006
0.896, +2.164e-006
0.897, +2.164e-006
0.898, +2.157e-006
0.899, +2.163e-006
0.900, +2.162e-006
0.901, +2.162e-006
0.902, +2.168e-006
0.903, +2.165e-006
0.904, +2.170e-006
0.905, +2.169e-006
0.906, +2.170e-006
0.907, +2.172e-006
0.908, +2.178e-006
0.909, +2.173e-006
0.910, +2.179e-006
0.911, +2.183e-006
0.912, +2.187e-006
0.913, +2.186e-006
0.914, +2.186e-006
0.915, +2.191e-006
0.916, +2.195e-006
0.917, +2.197e-006
0.918, +2.202e-006
0.919, +2.201e-006
0.920, +2.199e-006
0.921, +2.205e-006
0.922, +2.229e-006
0.923, +2.208e-006
0.924, +2.210e-006
0.925, +2.215e-006
0.926, +2.216e-006
0.927, +2.219e-006
0.928, +2.221e-006
0.929, +2.226e-006
0.930, +2.223e-006
0.931, +2.232e-006
0.932, +2.232e-006
0.933, +2.230e-006
0.934, +2.238e-006
0.935, +2.236e-006
0.936, +2.241e-006
0.937, +2.249e-006
0.938, +2.254e-006
0.939, +2.251e-006
0.940, +2.256e-006
0.941, +2.252e-006
0.942, +2.261e-006
0.943, +2.266e-006
0.944, +2.271e-006
0.945, +2.271e-006
0.946, +2.268e-006
0.947, +2.281e-006
0.948, +2.287e-006
0.949, +2.285e-006
0.950, +2.288e-006
0.951, +2.292e-006
0.952, +2.294e-006
0.953, +2.296e-006
0.954, +2.297e-006
0.955, +2.305e-006
0.956, +2.308e-006
0.957, +2.311e-006
0.958, +2.313e-006
0.959, +2.314e-006
0.960, +2.316e-006
0.961, +2.325e-006
0.962, +2.326e-006
0.963, +2.332e-006
0.964, +2.338e-006
0.965, +2.338e-006
0.966, +2.343e-006
0.967, +2.345e-006
0.968, +2.351e-006
0.969, +2.361e-006
0.970, +2.366e-006
0.971, +2.365e-006
0.972, +2.369e-006
0.973, +2.383e-006
0.974, +2.384e-006
0.975, +2.387e-006
0.976, +2.388e-006
0.977, +2.389e-006
0.978, +2.395e-006
0.979, +2.399e-006
0.980, +2.407e-006
0.981, +2.409e-006
0.982, +2.416e-006
0.983, +2.421e-006
0.984, +2.424e-006
0.985, +2.429e-006
0.986, +2.426e-006
0.987, +2.440e-006
0.988, +2.443e-006
0.989, +2.448e-006
0.990, +2.454e-006
0.991, +2.459e-006
0.992, +2.461e-006
0.993, +2.470e-006
0.994, +2.472e-006
0.995, +2.480e-006
0.996, +2.487e-006
0.997, +2.490e-006
0.998, +2.500e-006
0.999, +2.510e-006
