source program: DIGISIM WINDOWS
program version: 3.05
file type: CV

experimental parameters:
Estart (V): 1.000
Eswitch (V): -0.800
Eend (V): 1.000
v (V/s): 5.000e-002
temperature (K): 298.2
Ru (Ohms): 0
Cdl (F): 0
cycles: 1

experimental CV curve:
number of E(V), I(A) couples: 3600
1.000, +1.009e-006
0.999, +5.643e-007
0.998, +4.540e-007
0.997, +4.249e-007
0.996, +4.012e-007
0.995, +3.816e-007
0.994, +3.582e-007
0.993, +3.393e-007
0.992, +3.268e-007
0.991, +3.018e-007
0.990, +2.882e-007
0.989, +2.721e-007
0.988, +2.508e-007
0.987, +2.417e-007
0.986, +2.304e-007
0.985, +2.170e-007
0.984, +2.025e-007
0.983, +1.872e-007
0.982, +1.738e-007
0.981, +1.648e-007
0.980, +1.486e-007
0.979, +1.421e-007
0.978, +1.281e-007
0.977, +1.147e-007
0.976, +1.050e-007
0.975, +9.526e-008
0.974, +8.606e-008
0.973, +7.136e-008
0.972, +6.304e-008
0.971, +5.834e-008
0.970, +4.384e-008
0.969, +3.542e-008
0.968, +3.013e-008
0.967, +2.170e-008
0.966, +1.260e-008
0.965, +7.894e-009
0.964, -5.132e-009
0.963, -1.140e-008
0.962, -1.855e-008
0.961, -2.394e-008
0.960, -2.795e-008
0.959, -3.951e-008
0.958, -4.588e-008
0.957, -5.675e-008
0.956, -6.713e-008
0.955, -7.085e-008
0.954, -7.448e-008
0.953, -8.016e-008
0.952, -8.809e-008
0.951, -9.808e-008
0.950, -1.037e-007
0.949, -1.081e-007
0.948, -1.182e-007
0.947, -1.325e-007
0.946, -1.309e-007
0.945, -1.374e-007
0.944, -1.420e-007
0.943, -1.486e-007
0.942, -1.516e-007
0.941, -1.579e-007
0.940, -1.655e-007
0.939, -1.644e-007
0.938, -1.766e-007
0.937, -1.817e-007
0.936, -1.845e-007
0.935, -1.868e-007
0.934, -1.930e-007
0.933, -1.975e-007
0.932, -2.060e-007
0.931, -2.112e-007
0.930, -2.149e-007
0.929, -2.188e-007
0.928, -2.217e-007
0.927, -2.327e-007
0.926, -2.330e-007
0.925, -2.381e-007
0.924, -2.429e-007
0.923, -2.458e-007
0.922, -2.662e-007
0.921, -2.729e-007
0.920, -2.630e-007
0.919, -2.701e-007
0.918, -2.753e-007
0.917, -2.761e-007
0.916, -2.819e-007
0.915, -2.838e-007
0.914, -2.874e-007
0.913, -2.897e-007
0.912, -2.972e-007
0.911, -3.014e-007
0.910, -2.994e-007
0.909, -3.050e-007
0.908, -3.051e-007
0.907, -3.114e-007
0.906, -3.211e-007
0.905, -3.216e-007
0.904, -3.233e-007
0.903, -3.277e-007
0.902, -3.267e-007
0.901, -3.373e-007
0.900, -3.411e-007
0.899, -3.448e-007
0.898, -3.467e-007
0.897, -3.525e-007
0.896, -3.628e-007
0.895, -3.608e-007
0.894, -3.611e-007
0.893, -3.631e-007
0.892, -3.680e-007
0.891, -3.727e-007
0.890, -3.713e-007
0.889, -3.714e-007
0.888, -3.782e-007
0.887, -3.877e-007
0.886, -3.872e-007
0.885, -3.893e-007
0.884, -3.942e-007
0.883, -3.904e-007
0.882, -3.987e-007
0.881, -4.001e-007
0.880, -4.076e-007
0.879, -4.116e-007
0.878, -4.119e-007
0.877, -4.158e-007
0.876, -4.181e-007
0.875, -4.184e-007
0.874, -4.236e-007
0.873, -4.298e-007
0.872, -4.296e-007
0.871, -4.324e-007
0.870, -4.436e-007
0.869, -4.421e-007
0.868, -4.433e-007
0.867, -4.465e-007
0.866, -4.470e-007
0.865, -4.531e-007
0.864, -4.509e-007
0.863, -4.572e-007
0.862, -4.582e-007
0.861, -4.620e-007
0.860, -4.628e-007
0.859, -4.685e-007
0.858, -4.668e-007
0.857, -4.654e-007
0.856, -4.741e-007
0.855, -4.790e-007
0.854, -4.791e-007
0.853, -4.836e-007
0.852, -4.856e-007
0.851, -4.804e-007
0.850, -4.882e-007
0.849, -4.883e-007
0.848, -4.929e-007
0.847, -4.965e-007
0.846, -4.989e-007
0.845, -5.068e-007
0.844, -5.093e-007
0.843, -5.049e-007
0.842, -5.127e-007
0.841, -5.141e-007
0.840, -5.163e-007
0.839, -5.172e-007
0.838, -5.183e-007
0.837, -5.227e-007
0.836, -5.257e-007
0.835, -5.251e-007
0.834, -5.314e-007
0.833, -5.321e-007
0.832, -5.247e-007
0.831, -5.330e-007
0.830, -5.345e-007
0.829, -5.397e-007
0.828, -5.426e-007
0.827, -5.430e-007
0.826, -5.467e-007
0.825, -5.508e-007
0.824, -5.517e-007
0.823, -5.581e-007
0.822, -5.569e-007
0.821, -5.616e-007
0.820, -5.627e-007
0.819, -5.322e-007
0.818, -5.607e-007
0.817, -5.681e-007
0.816, -5.711e-007
0.815, -5.754e-007
0.814, -5.714e-007
0.813, -5.734e-007
0.812, -5.760e-007
0.811, -5.766e-007
0.810, -5.829e-007
0.809, -5.844e-007
0.808, -5.849e-007
0.807, -5.892e-007
0.806, -5.835e-007
0.805, -5.918e-007
0.804, -5.973e-007
0.803, -5.970e-007
0.802, -6.031e-007
0.801, -6.006e-007
0.800, -6.000e-007
0.799, -6.062e-007
0.798, -6.056e-007
0.797, -6.096e-007
0.796, -6.144e-007
0.795, -6.121e-007
0.794, -6.204e-007
0.793, -6.246e-007
0.792, -6.202e-007
0.791, -6.210e-007
0.790, -6.193e-007
0.789, -6.231e-007
0.788, -6.246e-007
0.787, -6.237e-007
0.786, -6.294e-007
0.785, -6.318e-007
0.784, -6.330e-007
0.783, -6.369e-007
0.782, -6.336e-007
0.781, -6.319e-007
0.780, -6.349e-007
0.779, -6.406e-007
0.778, -6.436e-007
0.777, -6.477e-007
0.776, -6.477e-007
0.775, -6.521e-007
0.774, -6.495e-007
0.773, -6.519e-007
0.772, -6.554e-007
0.771, -6.591e-007
0.770, -6.616e-007
0.769, -6.618e-007
0.768, -6.701e-007
0.767, -6.664e-007
0.766, -6.657e-007
0.765, -6.704e-007
0.764, -6.738e-007
0.763, -6.672e-007
0.762, -6.727e-007
0.761, -6.723e-007
0.760, -6.720e-007
0.759, -6.793e-007
0.758, -6.803e-007
0.757, -6.825e-007
0.756, -6.860e-007
0.755, -6.804e-007
0.754, -6.870e-007
0.753, -6.864e-007
0.752, -6.902e-007
0.751, -6.929e-007
0.750, -6.949e-007
0.749, -6.918e-007
0.748, -6.954e-007
0.747, -6.936e-007
0.746, -7.003e-007
0.745, -7.053e-007
0.744, -7.042e-007
0.743, -7.099e-007
0.742, -7.152e-007
0.741, -7.094e-007
0.740, -7.095e-007
0.739, -7.087e-007
0.738, -7.100e-007
0.737, -7.113e-007
0.736, -7.096e-007
0.735, -7.115e-007
0.734, -7.124e-007
0.733, -7.149e-007
0.732, -7.201e-007
0.731, -7.229e-007
0.730, -7.216e-007
0.729, -7.135e-007
0.728, -7.240e-007
0.727, -7.263e-007
0.726, -7.299e-007
0.725, -7.328e-007
0.724, -7.307e-007
0.723, -7.309e-007
0.722, -7.333e-007
0.721, -7.363e-007
0.720, -7.401e-007
0.719, -7.421e-007
0.718, -7.382e-007
0.717, -7.622e-007
0.716, -7.533e-007
0.715, -7.438e-007
0.714, -7.440e-007
0.713, -7.463e-007
0.712, -7.441e-007
0.711, -7.524e-007
0.710, -7.473e-007
0.709, -7.505e-007
0.708, -7.531e-007
0.707, -7.547e-007
0.706, -7.557e-007
0.705, -7.616e-007
0.704, -7.536e-007
0.703, -7.572e-007
0.702, -7.637e-007
0.701, -7.626e-007
0.700, -7.637e-007
0.699, -7.618e-007
0.698, -7.647e-007
0.697, -7.617e-007
0.696, -7.676e-007
0.695, -7.737e-007
0.694, -7.726e-007
0.693, -7.701e-007
0.692, -7.730e-007
0.691, -7.859e-007
0.690, -7.745e-007
0.689, -7.788e-007
0.688, -7.836e-007
0.687, -7.827e-007
0.686, -7.789e-007
0.685, -7.812e-007
0.684, -7.829e-007
0.683, -7.797e-007
0.682, -7.890e-007
0.681, -7.919e-007
0.680, -7.836e-007
0.679, -7.854e-007
0.678, -7.830e-007
0.677, -7.897e-007
0.676, -7.927e-007
0.675, -7.948e-007
0.674, -7.958e-007
0.673, -7.926e-007
0.672, -7.903e-007
0.671, -7.954e-007
0.670, -7.946e-007
0.669, -7.998e-007
0.668, -8.020e-007
0.667, -8.021e-007
0.666, -8.111e-007
0.665, -8.132e-007
0.664, -8.061e-007
0.663, -8.080e-007
0.662, -8.114e-007
0.661, -8.047e-007
0.660, -8.128e-007
0.659, -8.053e-007
0.658, -8.131e-007
0.657, -8.146e-007
0.656, -8.152e-007
0.655, -8.203e-007
0.654, -8.176e-007
0.653, -8.150e-007
0.652, -8.161e-007
0.651, -8.165e-007
0.650, -8.193e-007
0.649, -8.233e-007
0.648, -8.219e-007
0.647, -8.213e-007
0.646, -8.217e-007
0.645, -8.288e-007
0.644, -8.271e-007
0.643, -8.277e-007
0.642, -8.316e-007
0.641, -8.306e-007
0.640, -8.420e-007
0.639, -8.369e-007
0.638, -8.315e-007
0.637, -8.388e-007
0.636, -8.434e-007
0.635, -8.373e-007
0.634, -8.384e-007
0.633, -8.354e-007
0.632, -8.388e-007
0.631, -8.435e-007
0.630, -8.436e-007
0.629, -8.445e-007
0.628, -8.447e-007
0.627, -8.393e-007
0.626, -8.467e-007
0.625, -8.474e-007
0.624, -8.498e-007
0.623, -8.524e-007
0.622, -8.522e-007
0.621, -8.463e-007
0.620, -8.545e-007
0.619, -8.550e-007
0.618, -8.611e-007
0.617, -8.573e-007
0.616, -8.604e-007
0.615, -8.657e-007
0.614, -8.906e-007
0.613, -8.660e-007
0.612, -8.649e-007
0.611, -8.615e-007
0.610, -8.684e-007
0.609, -8.678e-007
0.608, -8.623e-007
0.607, -8.666e-007
0.606, -8.672e-007
0.605, -8.707e-007
0.604, -8.756e-007
0.603, -8.653e-007
0.602, -8.659e-007
0.601, -8.652e-007
0.600, -8.714e-007
0.599, -8.788e-007
0.598, -8.769e-007
0.597, -8.768e-007
0.596, -8.774e-007
0.595, -8.778e-007
0.594, -8.802e-007
0.593, -8.801e-007
0.592, -8.849e-007
0.591, -8.812e-007
0.590, -8.827e-007
0.589, -8.954e-007
0.588, -8.931e-007
0.587, -8.835e-007
0.586, -8.911e-007
0.585, -8.924e-007
0.584, -8.938e-007
0.583, -8.932e-007
0.582, -8.892e-007
0.581, -8.897e-007
0.580, -8.970e-007
0.579, -8.960e-007
0.578, -8.947e-007
0.577, -8.931e-007
0.576, -8.920e-007
0.575, -8.987e-007
0.574, -9.011e-007
0.573, -9.055e-007
0.572, -9.091e-007
0.571, -9.066e-007
0.570, -9.075e-007
0.569, -9.013e-007
0.568, -9.070e-007
0.567, -9.137e-007
0.566, -9.130e-007
0.565, -9.121e-007
0.564, -9.131e-007
0.563, -9.211e-007
0.562, -9.185e-007
0.561, -9.175e-007
0.560, -9.186e-007
0.559, -9.214e-007
0.558, -9.207e-007
0.557, -9.174e-007
0.556, -9.186e-007
0.555, -9.213e-007
0.554, -9.265e-007
0.553, -9.297e-007
0.552, -9.239e-007
0.551, -9.258e-007
0.550, -9.152e-007
0.549, -9.251e-007
0.548, -9.329e-007
0.547, -9.299e-007
0.546, -9.303e-007
0.545, -9.318e-007
0.544, -9.279e-007
0.543, -9.338e-007
0.542, -9.354e-007
0.541, -9.389e-007
0.540, -9.432e-007
0.539, -9.398e-007
0.538, -9.522e-007
0.537, -9.565e-007
0.536, -9.436e-007
0.535, -9.483e-007
0.534, -9.537e-007
0.533, -9.497e-007
0.532, -9.444e-007
0.531, -9.397e-007
0.530, -9.540e-007
0.529, -9.543e-007
0.528, -9.577e-007
0.527, -9.573e-007
0.526, -9.541e-007
0.525, -9.536e-007
0.524, -9.507e-007
0.523, -9.538e-007
0.522, -9.619e-007
0.521, -9.600e-007
0.520, -9.597e-007
0.519, -9.657e-007
0.518, -9.633e-007
0.517, -9.617e-007
0.516, -9.667e-007
0.515, -9.699e-007
0.514, -9.733e-007
0.513, -9.708e-007
0.512, -1.000e-006
0.511, -9.883e-007
0.510, -9.769e-007
0.509, -9.801e-007
0.508, -9.824e-007
0.507, -9.751e-007
0.506, -9.784e-007
0.505, -9.763e-007
0.504, -9.798e-007
0.503, -9.833e-007
0.502, -9.857e-007
0.501, -9.849e-007
0.500, -9.870e-007
0.499, -9.764e-007
0.498, -9.884e-007
0.497, -9.857e-007
0.496, -9.886e-007
0.495, -9.978e-007
0.494, -9.930e-007
0.493, -9.941e-007
0.492, -9.964e-007
0.491, -9.973e-007
0.490, -9.974e-007
0.489, -1.001e-006
0.488, -9.990e-007
0.487, -1.005e-006
0.486, -1.015e-006
0.485, -1.005e-006
0.484, -1.004e-006
0.483, -1.009e-006
0.482, -1.007e-006
0.481, -1.012e-006
0.480, -1.007e-006
0.479, -1.006e-006
0.478, -1.013e-006
0.477, -1.016e-006
0.476, -1.019e-006
0.475, -1.014e-006
0.474, -1.016e-006
0.473, -1.015e-006
0.472, -1.017e-006
0.471, -1.023e-006
0.470, -1.028e-006
0.469, -1.021e-006
0.468, -1.025e-006
0.467, -1.020e-006
0.466, -1.029e-006
0.465, -1.032e-006
0.464, -1.033e-006
0.463, -1.035e-006
0.462, -1.030e-006
0.461, -1.043e-006
0.460, -1.044e-006
0.459, -1.037e-006
0.458, -1.041e-006
0.457, -1.048e-006
0.456, -1.039e-006
0.455, -1.046e-006
0.454, -1.041e-006
0.453, -1.042e-006
0.452, -1.045e-006
0.451, -1.050e-006
0.450, -1.048e-006
0.449, -1.047e-006
0.448, -1.045e-006
0.447, -1.048e-006
0.446, -1.049e-006
0.445, -1.059e-006
0.444, -1.050e-006
0.443, -1.054e-006
0.442, -1.055e-006
0.441, -1.054e-006
0.440, -1.058e-006
0.439, -1.063e-006
0.438, -1.060e-006
0.437, -1.059e-006
0.436, -1.063e-006
0.435, -1.079e-006
0.434, -1.065e-006
0.433, -1.067e-006
0.432, -1.071e-006
0.431, -1.071e-006
0.430, -1.069e-006
0.429, -1.068e-006
0.428, -1.072e-006
0.427, -1.070e-006
0.426, -1.075e-006
0.425, -1.080e-006
0.424, -1.073e-006
0.423, -1.079e-006
0.422, -1.067e-006
0.421, -1.077e-006
0.420, -1.084e-006
0.419, -1.082e-006
0.418, -1.084e-006
0.417, -1.082e-006
0.416, -1.083e-006
0.415, -1.091e-006
0.414, -1.088e-006
0.413, -1.091e-006
0.412, -1.092e-006
0.411, -1.088e-006
0.410, -1.056e-006
0.409, -1.033e-006
0.408, -1.086e-006
0.407, -1.095e-006
0.406, -1.096e-006
0.405, -1.094e-006
0.404, -1.099e-006
0.403, -1.089e-006
0.402, -1.099e-006
0.401, -1.100e-006
0.400, -1.103e-006
0.399, -1.107e-006
0.398, -1.108e-006
0.397, -1.098e-006
0.396, -1.105e-006
0.395, -1.108e-006
0.394, -1.112e-006
0.393, -1.114e-006
0.392, -1.111e-006
0.391, -1.115e-006
0.390, -1.110e-006
0.389, -1.113e-006
0.388, -1.118e-006
0.387, -1.118e-006
0.386, -1.117e-006
0.385, -1.122e-006
0.384, -1.132e-006
0.383, -1.130e-006
0.382, -1.122e-006
0.381, -1.126e-006
0.380, -1.132e-006
0.379, -1.126e-006
0.378, -1.123e-006
0.377, -1.128e-006
0.376, -1.121e-006
0.375, -1.131e-006
0.374, -1.130e-006
0.373, -1.132e-006
0.372, -1.135e-006
0.371, -1.125e-006
0.370, -1.134e-006
0.369, -1.135e-006
0.368, -1.142e-006
0.367, -1.141e-006
0.366, -1.137e-006
0.365, -1.139e-006
0.364, -1.142e-006
0.363, -1.139e-006
0.362, -1.146e-006
0.361, -1.143e-006
0.360, -1.146e-006
0.359, -1.148e-006
0.358, -1.157e-006
0.357, -1.148e-006
0.356, -1.147e-006
0.355, -1.150e-006
0.354, -1.153e-006
0.353, -1.156e-006
0.352, -1.149e-006
0.351, -1.152e-006
0.350, -1.153e-006
0.349, -1.153e-006
0.348, -1.159e-006
0.347, -1.159e-006
0.346, -1.156e-006
0.345, -1.152e-006
0.344, -1.157e-006
0.343, -1.162e-006
0.342, -1.161e-006
0.341, -1.167e-006
0.340, -1.167e-006
0.339, -1.159e-006
0.338, -1.165e-006
0.337, -1.166e-006
0.336, -1.167e-006
0.335, -1.174e-006
0.334, -1.170e-006
0.333, -1.183e-006
0.332, -1.182e-006
0.331, -1.168e-006
0.330, -1.178e-006
0.329, -1.178e-006
0.328, -1.176e-006
0.327, -1.175e-006
0.326, -1.169e-006
0.325, -1.180e-006
0.324, -1.181e-006
0.323, -1.179e-006
0.322, -1.187e-006
0.321, -1.180e-006
0.320, -1.173e-006
0.319, -1.178e-006
0.318, -1.189e-006
0.317, -1.188e-006
0.316, -1.190e-006
0.315, -1.187e-006
0.314, -1.184e-006
0.313, -1.187e-006
0.312, -1.187e-006
0.311, -1.192e-006
0.310, -1.196e-006
0.309, -1.199e-006
0.308, -1.198e-006
0.307, -1.226e-006
0.306, -1.207e-006
0.305, -1.197e-006
0.304, -1.198e-006
0.303, -1.203e-006
0.302, -1.199e-006
0.301, -1.199e-006
0.300, -1.198e-006
0.299, -1.202e-006
0.298, -1.201e-006
0.297, -1.208e-006
0.296, -1.202e-006
0.295, -1.203e-006
0.294, -1.200e-006
0.293, -1.204e-006
0.292, -1.208e-006
0.291, -1.217e-006
0.290, -1.216e-006
0.289, -1.216e-006
0.288, -1.209e-006
0.287, -1.217e-006
0.286, -1.217e-006
0.285, -1.223e-006
0.284, -1.221e-006
0.283, -1.216e-006
0.282, -1.230e-006
0.281, -1.232e-006
0.280, -1.225e-006
0.279, -1.224e-006
0.278, -1.228e-006
0.277, -1.222e-006
0.276, -1.229e-006
0.275, -1.224e-006
0.274, -1.231e-006
0.273, -1.230e-006
0.272, -1.234e-006
0.271, -1.232e-006
0.270, -1.230e-006
0.269, -1.229e-006
0.268, -1.232e-006
0.267, -1.230e-006
0.266, -1.238e-006
0.265, -1.241e-006
0.264, -1.235e-006
0.263, -1.243e-006
0.262, -1.237e-006
0.261, -1.242e-006
0.260, -1.244e-006
0.259, -1.248e-006
0.258, -1.252e-006
0.257, -1.242e-006
0.256, -1.256e-006
0.255, -1.259e-006
0.254, -1.246e-006
0.253, -1.250e-006
0.252, -1.255e-006
0.251, -1.251e-006
0.250, -1.253e-006
0.249, -1.250e-006
0.248, -1.250e-006
0.247, -1.260e-006
0.246, -1.260e-006
0.245, -1.260e-006
0.244, -1.255e-006
0.243, -1.249e-006
0.242, -1.263e-006
0.241, -1.263e-006
0.240, -1.259e-006
0.239, -1.268e-006
0.238, -1.264e-006
0.237, -1.265e-006
0.236, -1.263e-006
0.235, -1.269e-006
0.234, -1.274e-006
0.233, -1.270e-006
0.232, -1.269e-006
0.231, -1.274e-006
0.230, -1.292e-006
0.229, -1.280e-006
0.228, -1.279e-006
0.227, -1.284e-006
0.226, -1.278e-006
0.225, -1.272e-006
0.224, -1.274e-006
0.223, -1.283e-006
0.222, -1.286e-006
0.221, -1.288e-006
0.220, -1.287e-006
0.219, -1.285e-006
0.218, -1.284e-006
0.217, -1.279e-006
0.216, -1.286e-006
0.215, -1.292e-006
0.214, -1.297e-006
0.213, -1.294e-006
0.212, -1.301e-006
0.211, -1.292e-006
0.210, -1.292e-006
0.209, -1.295e-006
0.208, -1.302e-006
0.207, -1.303e-006
0.206, -1.297e-006
0.205, -1.328e-006
0.204, -1.324e-006
0.203, -1.301e-006
0.202, -1.309e-006
0.201, -1.309e-006
0.200, -1.303e-006
0.199, -1.303e-006
0.198, -1.302e-006
0.197, -1.310e-006
0.196, -1.314e-006
0.195, -1.309e-006
0.194, -1.320e-006
0.193, -1.320e-006
0.192, -1.307e-006
0.191, -1.316e-006
0.190, -1.317e-006
0.189, -1.317e-006
0.188, -1.325e-006
0.187, -1.324e-006
0.186, -1.319e-006
0.185, -1.319e-006
0.184, -1.318e-006
0.183, -1.331e-006
0.182, -1.327e-006
0.181, -1.330e-006
0.180, -1.341e-006
0.179, -1.344e-006
0.178, -1.335e-006
0.177, -1.331e-006
0.176, -1.339e-006
0.175, -1.341e-006
0.174, -1.332e-006
0.173, -1.338e-006
0.172, -1.344e-006
0.171, -1.337e-006
0.170, -1.344e-006
0.169, -1.346e-006
0.168, -1.337e-006
0.167, -1.348e-006
0.166, -1.337e-006
0.165, -1.347e-006
0.164, -1.350e-006
0.163, -1.352e-006
0.162, -1.362e-006
0.161, -1.352e-006
0.160, -1.352e-006
0.159, -1.361e-006
0.158, -1.354e-006
0.157, -1.357e-006
0.156, -1.364e-006
0.155, -1.362e-006
0.154, -1.371e-006
0.153, -1.378e-006
0.152, -1.369e-006
0.151, -1.368e-006
0.150, -1.374e-006
0.149, -1.374e-006
0.148, -1.374e-006
0.147, -1.366e-006
0.146, -1.377e-006
0.145, -1.376e-006
0.144, -1.380e-006
0.143, -1.387e-006
0.142, -1.382e-006
0.141, -1.375e-006
0.140, -1.379e-006
0.139, -1.382e-006
0.138, -1.384e-006
0.137, -1.386e-006
0.136, -1.387e-006
0.135, -1.389e-006
0.134, -1.382e-006
0.133, -1.385e-006
0.132, -1.396e-006
0.131, -1.397e-006
0.130, -1.398e-006
0.129, -1.399e-006
0.128, -1.413e-006
0.127, -1.412e-006
0.126, -1.399e-006
0.125, -1.404e-006
0.124, -1.401e-006
0.123, -1.406e-006
0.122, -1.413e-006
0.121, -1.405e-006
0.120, -1.409e-006
0.119, -1.416e-006
0.118, -1.412e-006
0.117, -1.411e-006
0.116, -1.413e-006
0.115, -1.415e-006
0.114, -1.426e-006
0.113, -1.427e-006
0.112, -1.427e-006
0.111, -1.429e-006
0.110, -1.428e-006
0.109, -1.421e-006
0.108, -1.433e-006
0.107, -1.430e-006
0.106, -1.433e-006
0.105, -1.433e-006
0.104, -1.428e-006
0.103, -1.445e-006
0.102, -1.474e-006
0.101, -1.448e-006
0.100, -1.442e-006
0.099, -1.448e-006
0.098, -1.444e-006
0.097, -1.445e-006
0.096, -1.446e-006
0.095, -1.448e-006
0.094, -1.450e-006
0.093, -1.459e-006
0.092, -1.459e-006
0.091, -1.456e-006
0.090, -1.457e-006
0.089, -1.448e-006
0.088, -1.460e-006
0.087, -1.462e-006
0.086, -1.474e-006
0.085, -1.469e-006
0.084, -1.471e-006
0.083, -1.465e-006
0.082, -1.472e-006
0.081, -1.469e-006
0.080, -1.474e-006
0.079, -1.480e-006
0.078, -1.475e-006
0.077, -1.490e-006
0.076, -1.498e-006
0.075, -1.485e-006
0.074, -1.491e-006
0.073, -1.493e-006
0.072, -1.486e-006
0.071, -1.493e-006
0.070, -1.494e-006
0.069, -1.507e-006
0.068, -1.504e-006
0.067, -1.507e-006
0.066, -1.513e-006
0.065, -1.508e-006
0.064, -1.501e-006
0.063, -1.513e-006
0.062, -1.512e-006
0.061, -1.522e-006
0.060, -1.528e-006
0.059, -1.530e-006
0.058, -1.518e-006
0.057, -1.520e-006
0.056, -1.524e-006
0.055, -1.531e-006
0.054, -1.533e-006
0.053, -1.525e-006
0.052, -1.539e-006
0.051, -1.558e-006
0.050, -1.551e-006
0.049, -1.548e-006
0.048, -1.557e-006
0.047, -1.553e-006
0.046, -1.551e-006
0.045, -1.552e-006
0.044, -1.561e-006
0.043, -1.557e-006
0.042, -1.564e-006
0.041, -1.566e-006
0.040, -1.564e-006
0.039, -1.572e-006
0.038, -1.567e-006
0.037, -1.568e-006
0.036, -1.587e-006
0.035, -1.591e-006
0.034, -1.586e-006
0.033, -1.591e-006
0.032, -1.595e-006
0.031, -1.598e-006
0.030, -1.601e-006
0.029, -1.599e-006
0.028, -1.609e-006
0.027, -1.615e-006
0.026, -1.628e-006
0.025, -1.637e-006
0.024, -1.622e-006
0.023, -1.631e-006
0.022, -1.634e-006
0.021, -1.630e-006
0.020, -1.641e-006
0.019, -1.636e-006
0.018, -1.642e-006
0.017, -1.651e-006
0.016, -1.659e-006
0.015, -1.661e-006
0.014, -1.660e-006
0.013, -1.660e-006
0.012, -1.665e-006
0.011, -1.677e-006
0.010, -1.681e-006
0.009, -1.695e-006
0.008, -1.688e-006
0.007, -1.693e-006
0.006, -1.695e-006
0.005, -1.708e-006
0.004, -1.712e-006
0.003, -1.721e-006
0.002, -1.726e-006
0.001, -1.731e-006
0.000, -1.648e-006
-0.001, -1.709e-006
-0.002, -1.748e-006
-0.003, -1.758e-006
-0.004, -1.763e-006
-0.005, -1.763e-006
-0.006, -1.776e-006
-0.007, -1.776e-006
-0.008, -1.784e-006
-0.009, -1.795e-006
-0.010, -1.802e-006
-0.011, -1.808e-006
-0.012, -1.810e-006
-0.013, -1.815e-006
-0.014, -1.829e-006
-0.015, -1.836e-006
-0.016, -1.845e-006
-0.017, -1.849e-006
-0.018, -1.858e-006
-0.019, -1.864e-006
-0.020, -1.880e-006
-0.021, -1.884e-006
-0.022, -1.898e-006
-0.023, -1.903e-006
-0.024, -1.912e-006
-0.025, -1.928e-006
-0.026, -1.951e-006
-0.027, -1.942e-006
-0.028, -1.958e-006
-0.029, -1.965e-006
-0.030, -1.974e-006
-0.031, -1.985e-006
-0.032, -1.985e-006
-0.033, -1.999e-006
-0.034, -2.010e-006
-0.035, -2.034e-006
-0.036, -2.036e-006
-0.037, -2.047e-006
-0.038, -2.058e-006
-0.039, -2.059e-006
-0.040, -2.080e-006
-0.041, -2.100e-006
-0.042, -2.111e-006
-0.043, -2.123e-006
-0.044, -2.130e-006
-0.045, -2.136e-006
-0.046, -2.158e-006
-0.047, -2.172e-006
-0.048, -2.191e-006
-0.049, -2.199e-006
-0.050, -2.217e-006
-0.051, -2.243e-006
-0.052, -2.255e-006
-0.053, -2.258e-006
-0.054, -2.271e-006
-0.055, -2.286e-006
-0.056, -2.303e-006
-0.057, -2.320e-006
-0.058, -2.326e-006
-0.059, -2.353e-006
-0.060, -2.374e-006
-0.061, -2.386e-006
-0.062, -2.401e-006
-0.063, -2.415e-006
-0.064, -2.414e-006
-0.065, -2.444e-006
-0.066, -2.466e-006
-0.067, -2.481e-006
-0.068, -2.503e-006
-0.069, -2.509e-006
-0.070, -2.538e-006
-0.071, -2.550e-006
-0.072, -2.565e-006
-0.073, -2.596e-006
-0.074, -2.618e-006
-0.075, -2.626e-006
-0.076, -2.641e-006
-0.077, -2.693e-006
-0.078, -2.690e-006
-0.079, -2.700e-006
-0.080, -2.724e-006
-0.081, -2.736e-006
-0.082, -2.757e-006
-0.083, -2.776e-006
-0.084, -2.797e-006
-0.085, -2.814e-006
-0.086, -2.843e-006
-0.087, -2.853e-006
-0.088, -2.875e-006
-0.089, -2.883e-006
-0.090, -2.901e-006
-0.091, -2.937e-006
-0.092, -2.956e-006
-0.093, -2.972e-006
-0.094, -2.998e-006
-0.095, -3.015e-006
-0.096, -3.022e-006
-0.097, -3.050e-006
-0.098, -3.074e-006
-0.099, -3.088e-006
-0.100, -3.116e-006
-0.101, -3.126e-006
-0.102, -3.170e-006
-0.103, -3.204e-006
-0.104, -3.194e-006
-0.105, -3.212e-006
-0.106, -3.237e-006
-0.107, -3.250e-006
-0.108, -3.272e-006
-0.109, -3.285e-006
-0.110, -3.306e-006
-0.111, -3.324e-006
-0.112, -3.353e-006
-0.113, -3.376e-006
-0.114, -3.375e-006
-0.115, -3.392e-006
-0.116, -3.417e-006
-0.117, -3.429e-006
-0.118, -3.459e-006
-0.119, -3.478e-006
-0.120, -3.489e-006
-0.121, -3.507e-006
-0.122, -3.521e-006
-0.123, -3.542e-006
-0.124, -3.560e-006
-0.125, -3.588e-006
-0.126, -3.599e-006
-0.127, -3.615e-006
-0.128, -3.654e-006
-0.129, -3.665e-006
-0.130, -3.675e-006
-0.131, -3.691e-006
-0.132, -3.712e-006
-0.133, -3.722e-006
-0.134, -3.738e-006
-0.135, -3.758e-006
-0.136, -3.763e-006
-0.137, -3.793e-006
-0.138, -3.805e-006
-0.139, -3.821e-006
-0.140, -3.838e-006
-0.141, -3.838e-006
-0.142, -3.867e-006
-0.143, -3.879e-006
-0.144, -3.908e-006
-0.145, -3.921e-006
-0.146, -3.932e-006
-0.147, -3.944e-006
-0.148, -3.960e-006
-0.149, -3.982e-006
-0.150, -3.995e-006
-0.151, -4.005e-006
-0.152, -4.008e-006
-0.153, -4.031e-006
-0.154, -4.066e-006
-0.155, -4.067e-006
-0.156, -4.085e-006
-0.157, -4.095e-006
-0.158, -4.100e-006
-0.159, -4.114e-006
-0.160, -4.115e-006
-0.161, -4.138e-006
-0.162, -4.141e-006
-0.163, -4.177e-006
-0.164, -4.186e-006
-0.165, -4.190e-006
-0.166, -4.193e-006
-0.167, -4.198e-006
-0.168, -4.216e-006
-0.169, -4.231e-006
-0.170, -4.253e-006
-0.171, -4.255e-006
-0.172, -4.261e-006
-0.173, -4.269e-006
-0.174, -4.286e-006
-0.175, -4.294e-006
-0.176, -4.314e-006
-0.177, -4.317e-006
-0.178, -4.322e-006
-0.179, -4.350e-006
-0.180, -4.364e-006
-0.181, -4.345e-006
-0.182, -4.374e-006
-0.183, -4.368e-006
-0.184, -4.372e-006
-0.185, -4.385e-006
-0.186, -4.384e-006
-0.187, -4.402e-006
-0.188, -4.406e-006
-0.189, -4.412e-006
-0.190, -4.421e-006
-0.191, -4.426e-006
-0.192, -4.418e-006
-0.193, -4.438e-006
-0.194, -4.437e-006
-0.195, -4.442e-006
-0.196, -4.455e-006
-0.197, -4.454e-006
-0.198, -4.465e-006
-0.199, -4.456e-006
-0.200, -4.468e-006
-0.201, -4.476e-006
-0.202, -4.486e-006
-0.203, -4.486e-006
-0.204, -4.489e-006
-0.205, -4.547e-006
-0.206, -4.513e-006
-0.207, -4.510e-006
-0.208, -4.506e-006
-0.209, -4.515e-006
-0.210, -4.504e-006
-0.211, -4.502e-006
-0.212, -4.508e-006
-0.213, -4.506e-006
-0.214, -4.516e-006
-0.215, -4.523e-006
-0.216, -4.514e-006
-0.217, -4.519e-006
-0.218, -4.501e-006
-0.219, -4.507e-006
-0.220, -4.522e-006
-0.221, -4.526e-006
-0.222, -4.514e-006
-0.223, -4.519e-006
-0.224, -4.510e-006
-0.225, -4.519e-006
-0.226, -4.514e-006
-0.227, -4.524e-006
-0.228, -4.523e-006
-0.229, -4.517e-006
-0.230, -4.531e-006
-0.231, -4.527e-006
-0.232, -4.508e-006
-0.233, -4.521e-006
-0.234, -4.513e-006
-0.235, -4.510e-006
-0.236, -4.508e-006
-0.237, -4.496e-006
-0.238, -4.502e-006
-0.239, -4.492e-006
-0.240, -4.509e-006
-0.241, -4.496e-006
-0.242, -4.492e-006
-0.243, -4.484e-006
-0.244, -4.490e-006
-0.245, -4.488e-006
-0.246, -4.486e-006
-0.247, -4.495e-006
-0.248, -4.474e-006
-0.249, -4.478e-006
-0.250, -4.462e-006
-0.251, -4.460e-006
-0.252, -4.472e-006
-0.253, -4.462e-006
-0.254, -4.471e-006
-0.255, -4.456e-006
-0.256, -4.467e-006
-0.257, -4.465e-006
-0.258, -4.444e-006
-0.259, -4.449e-006
-0.260, -4.439e-006
-0.261, -4.429e-006
-0.262, -4.432e-006
-0.263, -4.424e-006
-0.264, -4.436e-006
-0.265, -4.425e-006
-0.266, -4.422e-006
-0.267, -4.416e-006
-0.268, -4.421e-006
-0.269, -4.395e-006
-0.270, -4.398e-006
-0.271, -4.393e-006
-0.272, -4.395e-006
-0.273, -4.395e-006
-0.274, -4.375e-006
-0.275, -4.368e-006
-0.276, -4.373e-006
-0.277, -4.365e-006
-0.278, -4.381e-006
-0.279, -4.373e-006
-0.280, -4.351e-006
-0.281, -4.363e-006
-0.282, -4.373e-006
-0.283, -4.353e-006
-0.284, -4.338e-006
-0.285, -4.334e-006
-0.286, -4.335e-006
-0.287, -4.333e-006
-0.288, -4.319e-006
-0.289, -4.311e-006
-0.290, -4.305e-006
-0.291, -4.306e-006
-0.292, -4.314e-006
-0.293, -4.297e-006
-0.294, -4.285e-006
-0.295, -4.283e-006
-0.296, -4.269e-006
-0.297, -4.281e-006
-0.298, -4.269e-006
-0.299, -4.269e-006
-0.300, -4.268e-006
-0.301, -4.247e-006
-0.302, -4.255e-006
-0.303, -4.245e-006
-0.304, -4.245e-006
-0.305, -4.242e-006
-0.306, -4.232e-006
-0.307, -4.262e-006
-0.308, -4.273e-006
-0.309, -4.225e-006
-0.310, -4.216e-006
-0.311, -4.216e-006
-0.312, -4.202e-006
-0.313, -4.210e-006
-0.314, -4.199e-006
-0.315, -4.189e-006
-0.316, -4.186e-006
-0.317, -4.185e-006
-0.318, -4.181e-006
-0.319, -4.177e-006
-0.320, -4.157e-006
-0.321, -4.163e-006
-0.322, -4.156e-006
-0.323, -4.159e-006
-0.324, -4.160e-006
-0.325, -4.151e-006
-0.326, -4.143e-006
-0.327, -4.142e-006
-0.328, -4.135e-006
-0.329, -4.130e-006
-0.330, -4.134e-006
-0.331, -4.120e-006
-0.332, -4.116e-006
-0.333, -4.138e-006
-0.334, -4.114e-006
-0.335, -4.103e-006
-0.336, -4.112e-006
-0.337, -4.101e-006
-0.338, -4.092e-006
-0.339, -4.089e-006
-0.340, -4.079e-006
-0.341, -4.074e-006
-0.342, -4.080e-006
-0.343, -4.071e-006
-0.344, -4.068e-006
-0.345, -4.067e-006
-0.346, -4.057e-006
-0.347, -4.054e-006
-0.348, -4.046e-006
-0.349, -4.051e-006
-0.350, -4.043e-006
-0.351, -4.033e-006
-0.352, -4.038e-006
-0.353, -4.036e-006
-0.354, -4.023e-006
-0.355, -4.034e-006
-0.356, -4.043e-006
-0.357, -4.015e-006
-0.358, -4.024e-006
-0.359, -4.028e-006
-0.360, -4.011e-006
-0.361, -4.004e-006
-0.362, -4.001e-006
-0.363, -3.990e-006
-0.364, -3.991e-006
-0.365, -3.974e-006
-0.366, -3.991e-006
-0.367, -3.991e-006
-0.368, -3.980e-006
-0.369, -3.982e-006
-0.370, -3.982e-006
-0.371, -3.959e-006
-0.372, -3.958e-006
-0.373, -3.957e-006
-0.374, -3.969e-006
-0.375, -3.956e-006
-0.376, -3.952e-006
-0.377, -3.952e-006
-0.378, -3.937e-006
-0.379, -3.930e-006
-0.380, -3.948e-006
-0.381, -3.942e-006
-0.382, -3.939e-006
-0.383, -3.925e-006
-0.384, -3.958e-006
-0.385, -3.946e-006
-0.386, -3.918e-006
-0.387, -3.923e-006
-0.388, -3.922e-006
-0.389, -3.916e-006
-0.390, -3.909e-006
-0.391, -3.895e-006
-0.392, -3.895e-006
-0.393, -3.900e-006
-0.394, -3.899e-006
-0.395, -3.896e-006
-0.396, -3.905e-006
-0.397, -3.883e-006
-0.398, -3.890e-006
-0.399, -3.887e-006
-0.400, -3.885e-006
-0.401, -3.889e-006
-0.402, -3.879e-006
-0.403, -3.860e-006
-0.404, -3.868e-006
-0.405, -3.875e-006
-0.406, -3.866e-006
-0.407, -3.858e-006
-0.408, -3.867e-006
-0.409, -3.847e-006
-0.410, -3.770e-006
-0.411, -3.841e-006
-0.412, -3.842e-006
-0.413, -3.862e-006
-0.414, -3.844e-006
-0.415, -3.841e-006
-0.416, -3.835e-006
-0.417, -3.842e-006
-0.418, -3.838e-006
-0.419, -3.828e-006
-0.420, -3.841e-006
-0.421, -3.829e-006
-0.422, -3.832e-006
-0.423, -3.818e-006
-0.424, -3.817e-006
-0.425, -3.821e-006
-0.426, -3.830e-006
-0.427, -3.821e-006
-0.428, -3.821e-006
-0.429, -3.802e-006
-0.430, -3.798e-006
-0.431, -3.823e-006
-0.432, -3.809e-006
-0.433, -3.813e-006
-0.434, -3.817e-006
-0.435, -3.828e-006
-0.436, -3.819e-006
-0.437, -3.805e-006
-0.438, -3.807e-006
-0.439, -3.809e-006
-0.440, -3.796e-006
-0.441, -3.805e-006
-0.442, -3.780e-006
-0.443, -3.788e-006
-0.444, -3.791e-006
-0.445, -3.792e-006
-0.446, -3.795e-006
-0.447, -3.786e-006
-0.448, -3.774e-006
-0.449, -3.784e-006
-0.450, -3.773e-006
-0.451, -3.785e-006
-0.452, -3.787e-006
-0.453, -3.775e-006
-0.454, -3.784e-006
-0.455, -3.773e-006
-0.456, -3.781e-006
-0.457, -3.774e-006
-0.458, -3.781e-006
-0.459, -3.766e-006
-0.460, -3.767e-006
-0.461, -3.796e-006
-0.462, -3.783e-006
-0.463, -3.766e-006
-0.464, -3.760e-006
-0.465, -3.765e-006
-0.466, -3.772e-006
-0.467, -3.755e-006
-0.468, -3.768e-006
-0.469, -3.763e-006
-0.470, -3.770e-006
-0.471, -3.772e-006
-0.472, -3.758e-006
-0.473, -3.764e-006
-0.474, -3.738e-006
-0.475, -3.759e-006
-0.476, -3.760e-006
-0.477, -3.750e-006
-0.478, -3.753e-006
-0.479, -3.758e-006
-0.480, -3.749e-006
-0.481, -3.753e-006
-0.482, -3.755e-006
-0.483, -3.758e-006
-0.484, -3.760e-006
-0.485, -3.749e-006
-0.486, -3.776e-006
-0.487, -3.778e-006
-0.488, -3.757e-006
-0.489, -3.755e-006
-0.490, -3.761e-006
-0.491, -3.753e-006
-0.492, -3.749e-006
-0.493, -3.734e-006
-0.494, -3.759e-006
-0.495, -3.750e-006
-0.496, -3.755e-006
-0.497, -3.767e-006
-0.498, -3.746e-006
-0.499, -3.743e-006
-0.500, -3.748e-006
-0.501, -3.750e-006
-0.502, -3.750e-006
-0.503, -3.755e-006
-0.504, -3.745e-006
-0.505, -3.754e-006
-0.506, -3.745e-006
-0.507, -3.748e-006
-0.508, -3.746e-006
-0.509, -3.767e-006
-0.510, -3.752e-006
-0.511, -3.763e-006
-0.512, -3.807e-006
-0.513, -3.787e-006
-0.514, -3.760e-006
-0.515, -3.758e-006
-0.516, -3.766e-006
-0.517, -3.750e-006
-0.518, -3.755e-006
-0.519, -3.758e-006
-0.520, -3.752e-006
-0.521, -3.768e-006
-0.522, -3.766e-006
-0.523, -3.774e-006
-0.524, -3.756e-006
-0.525, -3.744e-006
-0.526, -3.757e-006
-0.527, -3.766e-006
-0.528, -3.774e-006
-0.529, -3.768e-006
-0.530, -3.769e-006
-0.531, -3.768e-006
-0.532, -3.774e-006
-0.533, -3.764e-006
-0.534, -3.777e-006
-0.535, -3.777e-006
-0.536, -3.769e-006
-0.537, -3.791e-006
-0.538, -3.811e-006
-0.539, -3.783e-006
-0.540, -3.780e-006
-0.541, -3.782e-006
-0.542, -3.792e-006
-0.543, -3.778e-006
-0.544, -3.772e-006
-0.545, -3.784e-006
-0.546, -3.794e-006
-0.547, -3.790e-006
-0.548, -3.793e-006
-0.549, -3.793e-006
-0.550, -3.794e-006
-0.551, -3.790e-006
-0.552, -3.798e-006
-0.553, -3.809e-006
-0.554, -3.805e-006
-0.555, -3.804e-006
-0.556, -3.818e-006
-0.557, -3.801e-006
-0.558, -3.817e-006
-0.559, -3.821e-006
-0.560, -3.828e-006
-0.561, -3.826e-006
-0.562, -3.830e-006
-0.563, -3.836e-006
-0.564, -3.846e-006
-0.565, -3.827e-006
-0.566, -3.838e-006
-0.567, -3.842e-006
-0.568, -3.842e-006
-0.569, -3.838e-006
-0.570, -3.844e-006
-0.571, -3.843e-006
-0.572, -3.850e-006
-0.573, -3.861e-006
-0.574, -3.855e-006
-0.575, -3.855e-006
-0.576, -3.837e-006
-0.577, -3.865e-006
-0.578, -3.871e-006
-0.579, -3.868e-006
-0.580, -3.862e-006
-0.581, -3.880e-006
-0.582, -3.897e-006
-0.583, -3.866e-006
-0.584, -3.878e-006
-0.585, -3.892e-006
-0.586, -3.901e-006
-0.587, -3.900e-006
-0.588, -3.904e-006
-0.589, -3.930e-006
-0.590, -3.919e-006
-0.591, -3.914e-006
-0.592, -3.924e-006
-0.593, -3.921e-006
-0.594, -3.916e-006
-0.595, -3.929e-006
-0.596, -3.923e-006
-0.597, -3.938e-006
-0.598, -3.933e-006
-0.599, -3.944e-006
-0.600, -3.940e-006
-0.601, -3.958e-006
-0.602, -3.933e-006
-0.603, -3.962e-006
-0.604, -3.959e-006
-0.605, -3.979e-006
-0.606, -3.979e-006
-0.607, -3.975e-006
-0.608, -3.983e-006
-0.609, -3.990e-006
-0.610, -3.999e-006
-0.611, -3.997e-006
-0.612, -4.009e-006
-0.613, -4.000e-006
-0.614, -4.045e-006
-0.615, -4.067e-006
-0.616, -4.041e-006
-0.617, -4.035e-006
-0.618, -4.035e-006
-0.619, -4.055e-006
-0.620, -4.060e-006
-0.621, -4.047e-006
-0.622, -4.062e-006
-0.623, -4.074e-006
-0.624, -4.077e-006
-0.625, -4.094e-006
-0.626, -4.091e-006
-0.627, -4.089e-006
-0.628, -4.090e-006
-0.629, -4.099e-006
-0.630, -4.114e-006
-0.631, -4.116e-006
-0.632, -4.126e-006
-0.633, -4.139e-006
-0.634, -4.117e-006
-0.635, -4.151e-006
-0.636, -4.155e-006
-0.637, -4.159e-006
-0.638, -4.166e-006
-0.639, -4.176e-006
-0.640, -4.199e-006
-0.641, -4.201e-006
-0.642, -4.196e-006
-0.643, -4.209e-006
-0.644, -4.222e-006
-0.645, -4.205e-006
-0.646, -4.225e-006
-0.647, -4.233e-006
-0.648, -4.240e-006
-0.649, -4.253e-006
-0.650, -4.271e-006
-0.651, -4.257e-006
-0.652, -4.284e-006
-0.653, -4.259e-006
-0.654, -4.295e-006
-0.655, -4.309e-006
-0.656, -4.303e-006
-0.657, -4.312e-006
-0.658, -4.314e-006
-0.659, -4.336e-006
-0.660, -4.343e-006
-0.661, -4.342e-006
-0.662, -4.373e-006
-0.663, -4.376e-006
-0.664, -4.370e-006
-0.665, -4.391e-006
-0.666, -4.419e-006
-0.667, -4.401e-006
-0.668, -4.427e-006
-0.669, -4.438e-006
-0.670, -4.442e-006
-0.671, -4.451e-006
-0.672, -4.447e-006
-0.673, -4.463e-006
-0.674, -4.475e-006
-0.675, -4.493e-006
-0.676, -4.502e-006
-0.677, -4.507e-006
-0.678, -4.516e-006
-0.679, -4.517e-006
-0.680, -4.526e-006
-0.681, -4.555e-006
-0.682, -4.561e-006
-0.683, -4.569e-006
-0.684, -4.594e-006
-0.685, -4.580e-006
-0.686, -4.596e-006
-0.687, -4.622e-006
-0.688, -4.631e-006
-0.689, -4.630e-006
-0.690, -4.647e-006
-0.691, -4.682e-006
-0.692, -4.688e-006
-0.693, -4.669e-006
-0.694, -4.691e-006
-0.695, -4.697e-006
-0.696, -4.718e-006
-0.697, -4.729e-006
-0.698, -4.737e-006
-0.699, -4.748e-006
-0.700, -4.772e-006
-0.701, -4.787e-006
-0.702, -4.805e-006
-0.703, -4.795e-006
-0.704, -4.804e-006
-0.705, -4.826e-006
-0.706, -4.832e-006
-0.707, -4.851e-006
-0.708, -4.855e-006
-0.709, -4.865e-006
-0.710, -4.879e-006
-0.711, -4.887e-006
-0.712, -4.899e-006
-0.713, -4.920e-006
-0.714, -4.937e-006
-0.715, -4.947e-006
-0.716, -4.964e-006
-0.717, -5.039e-006
-0.718, -5.005e-006
-0.719, -5.005e-006
-0.720, -5.008e-006
-0.721, -5.040e-006
-0.722, -5.028e-006
-0.723, -5.049e-006
-0.724, -5.066e-006
-0.725, -5.068e-006
-0.726, -5.095e-006
-0.727, -5.101e-006
-0.728, -5.104e-006
-0.729, -5.123e-006
-0.730, -5.133e-006
-0.731, -5.146e-006
-0.732, -5.165e-006
-0.733, -5.167e-006
-0.734, -5.194e-006
-0.735, -5.212e-006
-0.736, -5.210e-006
-0.737, -5.244e-006
-0.738, -5.248e-006
-0.739, -5.270e-006
-0.740, -5.282e-006
-0.741, -5.289e-006
-0.742, -5.325e-006
-0.743, -5.347e-006
-0.744, -5.332e-006
-0.745, -5.354e-006
-0.746, -5.360e-006
-0.747, -5.379e-006
-0.748, -5.393e-006
-0.749, -5.390e-006
-0.750, -5.427e-006
-0.751, -5.436e-006
-0.752, -5.455e-006
-0.753, -5.472e-006
-0.754, -5.482e-006
-0.755, -5.509e-006
-0.756, -5.521e-006
-0.757, -5.543e-006
-0.758, -5.560e-006
-0.759, -5.581e-006
-0.760, -5.586e-006
-0.761, -5.598e-006
-0.762, -5.600e-006
-0.763, -5.645e-006
-0.764, -5.662e-006
-0.765, -5.688e-006
-0.766, -5.703e-006
-0.767, -5.713e-006
-0.768, -5.767e-006
-0.769, -5.772e-006
-0.770, -5.779e-006
-0.771, -5.811e-006
-0.772, -5.817e-006
-0.773, -5.813e-006
-0.774, -5.853e-006
-0.775, -5.878e-006
-0.776, -5.905e-006
-0.777, -5.918e-006
-0.778, -5.948e-006
-0.779, -5.985e-006
-0.780, -5.999e-006
-0.781, -5.983e-006
-0.782, -6.015e-006
-0.783, -6.066e-006
-0.784, -6.093e-006
-0.785, -6.119e-006
-0.786, -6.122e-006
-0.787, -6.156e-006
-0.788, -6.186e-006
-0.789, -6.207e-006
-0.790, -6.244e-006
-0.791, -6.268e-006
-0.792, -6.292e-006
-0.793, -6.335e-006
-0.794, -6.381e-006
-0.795, -6.385e-006
-0.796, -6.403e-006
-0.797, -6.430e-006
-0.798, -6.470e-006
-0.799, -6.497e-006
-0.800, -5.535e-006
-0.799, -2.544e-006
-0.798, -1.688e-006
-0.797, -1.373e-006
-0.796, -1.191e-006
-0.795, -1.016e-006
-0.794, -8.577e-007
-0.793, -6.944e-007
-0.792, -6.072e-007
-0.791, -5.250e-007
-0.790, -4.071e-007
-0.789, -3.156e-007
-0.788, -2.463e-007
-0.787, -1.826e-007
-0.786, -1.111e-007
-0.785, -3.990e-008
-0.784, +2.484e-008
-0.783, +9.556e-008
-0.782, +1.354e-007
-0.781, +1.749e-007
-0.780, +2.225e-007
-0.779, +2.651e-007
-0.778, +3.340e-007
-0.777, +3.663e-007
-0.776, +4.010e-007
-0.775, +4.402e-007
-0.774, +4.844e-007
-0.773, +5.147e-007
-0.772, +5.487e-007
-0.771, +5.687e-007
-0.770, +6.120e-007
-0.769, +6.365e-007
-0.768, +6.688e-007
-0.767, +7.008e-007
-0.766, +7.263e-007
-0.765, +7.401e-007
-0.764, +7.619e-007
-0.763, +7.818e-007
-0.762, +8.119e-007
-0.761, +8.097e-007
-0.760, +8.363e-007
-0.759, +8.618e-007
-0.758, +8.763e-007
-0.757, +9.044e-007
-0.756, +9.314e-007
-0.755, +9.122e-007
-0.754, +9.496e-007
-0.753, +9.528e-007
-0.752, +9.850e-007
-0.751, +9.995e-007
-0.750, +1.011e-006
-0.749, +1.020e-006
-0.748, +1.044e-006
-0.747, +1.038e-006
-0.746, +1.063e-006
-0.745, +1.081e-006
-0.744, +1.080e-006
-0.743, +1.099e-006
-0.742, +1.138e-006
-0.741, +1.126e-006
-0.740, +1.133e-006
-0.739, +1.144e-006
-0.738, +1.154e-006
-0.737, +1.160e-006
-0.736, +1.170e-006
-0.735, +1.176e-006
-0.734, +1.171e-006
-0.733, +1.191e-006
-0.732, +1.212e-006
-0.731, +1.205e-006
-0.730, +1.219e-006
-0.729, +1.220e-006
-0.728, +1.234e-006
-0.727, +1.238e-006
-0.726, +1.251e-006
-0.725, +1.245e-006
-0.724, +1.266e-006
-0.723, +1.260e-006
-0.722, +1.274e-006
-0.721, +1.296e-006
-0.720, +1.291e-006
-0.719, +1.296e-006
-0.718, +1.294e-006
-0.717, +1.347e-006
-0.716, +1.364e-006
-0.715, +1.336e-006
-0.714, +1.326e-006
-0.713, +1.333e-006
-0.712, +1.332e-006
-0.711, +1.339e-006
-0.710, +1.332e-006
-0.709, +1.347e-006
-0.708, +1.363e-006
-0.707, +1.354e-006
-0.706, +1.364e-006
-0.705, +1.370e-006
-0.704, +1.360e-006
-0.703, +1.378e-006
-0.702, +1.378e-006
-0.701, +1.390e-006
-0.700, +1.398e-006
-0.699, +1.386e-006
-0.698, +1.388e-006
-0.697, +1.382e-006
-0.696, +1.404e-006
-0.695, +1.404e-006
-0.694, +1.419e-006
-0.693, +1.418e-006
-0.692, +1.409e-006
-0.691, +1.448e-006
-0.690, +1.433e-006
-0.689, +1.427e-006
-0.688, +1.441e-006
-0.687, +1.440e-006
-0.686, +1.432e-006
-0.685, +1.459e-006
-0.684, +1.432e-006
-0.683, +1.447e-006
-0.682, +1.448e-006
-0.681, +1.449e-006
-0.680, +1.458e-006
-0.679, +1.452e-006
-0.678, +1.449e-006
-0.677, +1.464e-006
-0.676, +1.470e-006
-0.675, +1.464e-006
-0.674, +1.473e-006
-0.673, +1.485e-006
-0.672, +1.471e-006
-0.671, +1.475e-006
-0.670, +1.480e-006
-0.669, +1.496e-006
-0.668, +1.489e-006
-0.667, +1.475e-006
-0.666, +1.500e-006
-0.665, +1.512e-006
-0.664, +1.499e-006
-0.663, +1.503e-006
-0.662, +1.506e-006
-0.661, +1.497e-006
-0.660, +1.514e-006
-0.659, +1.499e-006
-0.658, +1.511e-006
-0.657, +1.506e-006
-0.656, +1.510e-006
-0.655, +1.516e-006
-0.654, +1.506e-006
-0.653, +1.515e-006
-0.652, +1.513e-006
-0.651, +1.515e-006
-0.650, +1.528e-006
-0.649, +1.531e-006
-0.648, +1.522e-006
-0.647, +1.532e-006
-0.646, +1.520e-006
-0.645, +1.529e-006
-0.644, +1.542e-006
-0.643, +1.544e-006
-0.642, +1.547e-006
-0.641, +1.539e-006
-0.640, +1.561e-006
-0.639, +1.555e-006
-0.638, +1.543e-006
-0.637, +1.555e-006
-0.636, +1.556e-006
-0.635, +1.539e-006
-0.634, +1.549e-006
-0.633, +1.546e-006
-0.632, +1.556e-006
-0.631, +1.554e-006
-0.630, +1.561e-006
-0.629, +1.557e-006
-0.628, +1.563e-006
-0.627, +1.543e-006
-0.626, +1.558e-006
-0.625, +1.566e-006
-0.624, +1.567e-006
-0.623, +1.574e-006
-0.622, +1.563e-006
-0.621, +1.566e-006
-0.620, +1.567e-006
-0.619, +1.560e-006
-0.618, +1.575e-006
-0.617, +1.584e-006
-0.616, +1.564e-006
-0.615, +1.588e-006
-0.614, +1.651e-006
-0.613, +1.598e-006
-0.612, +1.578e-006
-0.611, +1.592e-006
-0.610, +1.587e-006
-0.609, +1.571e-006
-0.608, +1.577e-006
-0.607, +1.590e-006
-0.606, +1.584e-006
-0.605, +1.597e-006
-0.604, +1.594e-006
-0.603, +1.584e-006
-0.602, +1.595e-006
-0.601, +1.581e-006
-0.600, +1.592e-006
-0.599, +1.592e-006
-0.598, +1.607e-006
-0.597, +1.608e-006
-0.596, +1.608e-006
-0.595, +1.587e-006
-0.594, +1.605e-006
-0.593, +1.608e-006
-0.592, +1.615e-006
-0.591, +1.604e-006
-0.590, +1.616e-006
-0.589, +1.624e-006
-0.588, +1.629e-006
-0.587, +1.611e-006
-0.586, +1.620e-006
-0.585, +1.611e-006
-0.584, +1.607e-006
-0.583, +1.615e-006
-0.582, +1.606e-006
-0.581, +1.615e-006
-0.580, +1.616e-006
-0.579, +1.613e-006
-0.578, +1.631e-006
-0.577, +1.614e-006
-0.576, +1.612e-006
-0.575, +1.626e-006
-0.574, +1.619e-006
-0.573, +1.623e-006
-0.572, +1.624e-006
-0.571, +1.619e-006
-0.570, +1.633e-006
-0.569, +1.619e-006
-0.568, +1.629e-006
-0.567, +1.629e-006
-0.566, +1.635e-006
-0.565, +1.638e-006
-0.564, +1.628e-006
-0.563, +1.657e-006
-0.562, +1.639e-006
-0.561, +1.639e-006
-0.560, +1.638e-006
-0.559, +1.646e-006
-0.558, +1.643e-006
-0.557, +1.637e-006
-0.556, +1.632e-006
-0.555, +1.638e-006
-0.554, +1.650e-006
-0.553, +1.650e-006
-0.552, +1.641e-006
-0.551, +1.645e-006
-0.550, +1.634e-006
-0.549, +1.652e-006
-0.548, +1.644e-006
-0.547, +1.650e-006
-0.546, +1.661e-006
-0.545, +1.652e-006
-0.544, +1.638e-006
-0.543, +1.652e-006
-0.542, +1.653e-006
-0.541, +1.658e-006
-0.540, +1.659e-006
-0.539, +1.655e-006
-0.538, +1.670e-006
-0.537, +1.687e-006
-0.536, +1.655e-006
-0.535, +1.660e-006
-0.534, +1.662e-006
-0.533, +1.665e-006
-0.532, +1.665e-006
-0.531, +1.660e-006
-0.530, +1.668e-006
-0.529, +1.664e-006
-0.528, +1.661e-006
-0.527, +1.670e-006
-0.526, +1.657e-006
-0.525, +1.673e-006
-0.524, +1.659e-006
-0.523, +1.663e-006
-0.522, +1.673e-006
-0.521, +1.678e-006
-0.520, +1.666e-006
-0.519, +1.674e-006
-0.518, +1.681e-006
-0.517, +1.676e-006
-0.516, +1.675e-006
-0.515, +1.671e-006
-0.514, +1.684e-006
-0.513, +1.683e-006
-0.512, +1.724e-006
-0.511, +1.703e-006
-0.510, +1.689e-006
-0.509, +1.693e-006
-0.508, +1.686e-006
-0.507, +1.681e-006
-0.506, +1.699e-006
-0.505, +1.679e-006
-0.504, +1.693e-006
-0.503, +1.699e-006
-0.502, +1.684e-006
-0.501, +1.691e-006
-0.500, +1.692e-006
-0.499, +1.683e-006
-0.498, +1.688e-006
-0.497, +1.706e-006
-0.496, +1.700e-006
-0.495, +1.698e-006
-0.494, +1.700e-006
-0.493, +1.693e-006
-0.492, +1.696e-006
-0.491, +1.696e-006
-0.490, +1.714e-006
-0.489, +1.710e-006
-0.488, +1.701e-006
-0.487, +1.704e-006
-0.486, +1.723e-006
-0.485, +1.701e-006
-0.484, +1.710e-006
-0.483, +1.710e-006
-0.482, +1.711e-006
-0.481, +1.705e-006
-0.480, +1.705e-006
-0.479, +1.718e-006
-0.478, +1.726e-006
-0.477, +1.717e-006
-0.476, +1.719e-006
-0.475, +1.712e-006
-0.474, +1.713e-006
-0.473, +1.703e-006
-0.472, +1.712e-006
-0.471, +1.721e-006
-0.470, +1.725e-006
-0.469, +1.715e-006
-0.468, +1.729e-006
-0.467, +1.726e-006
-0.466, +1.719e-006
-0.465, +1.720e-006
-0.464, +1.733e-006
-0.463, +1.735e-006
-0.462, +1.733e-006
-0.461, +1.741e-006
-0.460, +1.746e-006
-0.459, +1.722e-006
-0.458, +1.732e-006
-0.457, +1.735e-006
-0.456, +1.732e-006
-0.455, +1.743e-006
-0.454, +1.720e-006
-0.453, +1.735e-006
-0.452, +1.740e-006
-0.451, +1.752e-006
-0.450, +1.737e-006
-0.449, +1.742e-006
-0.448, +1.730e-006
-0.447, +1.741e-006
-0.446, +1.737e-006
-0.445, +1.736e-006
-0.444, +1.755e-006
-0.443, +1.741e-006
-0.442, +1.740e-006
-0.441, +1.740e-006
-0.440, +1.753e-006
-0.439, +1.760e-006
-0.438, +1.754e-006
-0.437, +1.748e-006
-0.436, +1.759e-006
-0.435, +1.778e-006
-0.434, +1.757e-006
-0.433, +1.764e-006
-0.432, +1.766e-006
-0.431, +1.760e-006
-0.430, +1.756e-006
-0.429, +1.757e-006
-0.428, +1.760e-006
-0.427, +1.762e-006
-0.426, +1.766e-006
-0.425, +1.767e-006
-0.424, +1.767e-006
-0.423, +1.764e-006
-0.422, +1.754e-006
-0.421, +1.763e-006
-0.420, +1.770e-006
-0.419, +1.780e-006
-0.418, +1.782e-006
-0.417, +1.776e-006
-0.416, +1.768e-006
-0.415, +1.771e-006
-0.414, +1.773e-006
-0.413, +1.774e-006
-0.412, +1.785e-006
-0.411, +1.778e-006
-0.410, +1.766e-006
-0.409, +1.701e-006
-0.408, +1.767e-006
-0.407, +1.787e-006
-0.406, +1.783e-006
-0.405, +1.787e-006
-0.404, +1.793e-006
-0.403, +1.772e-006
-0.402, +1.788e-006
-0.401, +1.788e-006
-0.400, +1.791e-006
-0.399, +1.791e-006
-0.398, +1.798e-006
-0.397, +1.784e-006
-0.396, +1.790e-006
-0.395, +1.794e-006
-0.394, +1.810e-006
-0.393, +1.796e-006
-0.392, +1.802e-006
-0.391, +1.802e-006
-0.390, +1.797e-006
-0.389, +1.801e-006
-0.388, +1.807e-006
-0.387, +1.798e-006
-0.386, +1.799e-006
-0.385, +1.800e-006
-0.384, +1.830e-006
-0.383, +1.820e-006
-0.382, +1.808e-006
-0.381, +1.823e-006
-0.380, +1.819e-006
-0.379, +1.806e-006
-0.378, +1.811e-006
-0.377, +1.817e-006
-0.376, +1.809e-006
-0.375, +1.823e-006
-0.374, +1.819e-006
-0.373, +1.816e-006
-0.372, +1.814e-006
-0.371, +1.806e-006
-0.370, +1.821e-006
-0.369, +1.826e-006
-0.368, +1.826e-006
-0.367, +1.825e-006
-0.366, +1.821e-006
-0.365, +1.833e-006
-0.364, +1.824e-006
-0.363, +1.818e-006
-0.362, +1.835e-006
-0.361, +1.841e-006
-0.360, +1.828e-006
-0.359, +1.839e-006
-0.358, +1.846e-006
-0.357, +1.846e-006
-0.356, +1.839e-006
-0.355, +1.832e-006
-0.354, +1.845e-006
-0.353, +1.841e-006
-0.352, +1.838e-006
-0.351, +1.838e-006
-0.350, +1.835e-006
-0.349, +1.839e-006
-0.348, +1.850e-006
-0.347, +1.841e-006
-0.346, +1.840e-006
-0.345, +1.834e-006
-0.344, +1.850e-006
-0.343, +1.856e-006
-0.342, +1.853e-006
-0.341, +1.848e-006
-0.340, +1.858e-006
-0.339, +1.843e-006
-0.338, +1.855e-006
-0.337, +1.859e-006
-0.336, +1.854e-006
-0.335, +1.860e-006
-0.334, +1.851e-006
-0.333, +1.879e-006
-0.332, +1.874e-006
-0.331, +1.863e-006
-0.330, +1.860e-006
-0.329, +1.866e-006
-0.328, +1.870e-006
-0.327, +1.873e-006
-0.326, +1.858e-006
-0.325, +1.871e-006
-0.324, +1.866e-006
-0.323, +1.875e-006
-0.322, +1.875e-006
-0.321, +1.879e-006
-0.320, +1.859e-006
-0.319, +1.868e-006
-0.318, +1.881e-006
-0.317, +1.878e-006
-0.316, +1.883e-006
-0.315, +1.876e-006
-0.314, +1.882e-006
-0.313, +1.875e-006
-0.312, +1.884e-006
-0.311, +1.880e-006
-0.310, +1.893e-006
-0.309, +1.896e-006
-0.308, +1.890e-006
-0.307, +1.948e-006
-0.306, +1.913e-006
-0.305, +1.896e-006
-0.304, +1.904e-006
-0.303, +1.906e-006
-0.302, +1.895e-006
-0.301, +1.895e-006
-0.300, +1.896e-006
-0.299, +1.909e-006
-0.298, +1.911e-006
-0.297, +1.915e-006
-0.296, +1.907e-006
-0.295, +1.918e-006
-0.294, +1.899e-006
-0.293, +1.903e-006
-0.292, +1.911e-006
-0.291, +1.923e-006
-0.290, +1.920e-006
-0.289, +1.911e-006
-0.288, +1.916e-006
-0.287, +1.926e-006
-0.286, +1.920e-006
-0.285, +1.932e-006
-0.284, +1.938e-006
-0.283, +1.919e-006
-0.282, +1.933e-006
-0.281, +1.955e-006
-0.280, +1.931e-006
-0.279, +1.950e-006
-0.278, +1.939e-006
-0.277, +1.941e-006
-0.276, +1.949e-006
-0.275, +1.934e-006
-0.274, +1.946e-006
-0.273, +1.958e-006
-0.272, +1.962e-006
-0.271, +1.958e-006
-0.270, +1.948e-006
-0.269, +1.945e-006
-0.268, +1.954e-006
-0.267, +1.955e-006
-0.266, +1.975e-006
-0.265, +1.965e-006
-0.264, +1.973e-006
-0.263, +1.975e-006
-0.262, +1.963e-006
-0.261, +1.983e-006
-0.260, +1.984e-006
-0.259, +1.992e-006
-0.258, +1.993e-006
-0.257, +1.995e-006
-0.256, +2.014e-006
-0.255, +2.019e-006
-0.254, +1.994e-006
-0.253, +2.007e-006
-0.252, +2.010e-006
-0.251, +2.007e-006
-0.250, +2.013e-006
-0.249, +2.003e-006
-0.248, +2.003e-006
-0.247, +2.030e-006
-0.246, +2.029e-006
-0.245, +2.026e-006
-0.244, +2.039e-006
-0.243, +2.024e-006
-0.242, +2.033e-006
-0.241, +2.046e-006
-0.240, +2.053e-006
-0.239, +2.067e-006
-0.238, +2.062e-006
-0.237, +2.053e-006
-0.236, +2.054e-006
-0.235, +2.076e-006
-0.234, +2.074e-006
-0.233, +2.085e-006
-0.232, +2.083e-006
-0.231, +2.101e-006
-0.230, +2.114e-006
-0.229, +2.108e-006
-0.228, +2.102e-006
-0.227, +2.109e-006
-0.226, +2.112e-006
-0.225, +2.118e-006
-0.224, +2.114e-006
-0.223, +2.130e-006
-0.222, +2.126e-006
-0.221, +2.149e-006
-0.220, +2.154e-006
-0.219, +2.154e-006
-0.218, +2.153e-006
-0.217, +2.164e-006
-0.216, +2.163e-006
-0.215, +2.174e-006
-0.214, +2.191e-006
-0.213, +2.194e-006
-0.212, +2.196e-006
-0.211, +2.203e-006
-0.210, +2.212e-006
-0.209, +2.208e-006
-0.208, +2.234e-006
-0.207, +2.230e-006
-0.206, +2.223e-006
-0.205, +2.280e-006
-0.204, +2.291e-006
-0.203, +2.259e-006
-0.202, +2.278e-006
-0.201, +2.285e-006
-0.200, +2.277e-006
-0.199, +2.288e-006
-0.198, +2.290e-006
-0.197, +2.307e-006
-0.196, +2.315e-006
-0.195, +2.322e-006
-0.194, +2.338e-006
-0.193, +2.331e-006
-0.192, +2.338e-006
-0.191, +2.353e-006
-0.190, +2.359e-006
-0.189, +2.371e-006
-0.188, +2.390e-006
-0.187, +2.392e-006
-0.186, +2.396e-006
-0.185, +2.401e-006
-0.184, +2.411e-006
-0.183, +2.424e-006
-0.182, +2.430e-006
-0.181, +2.453e-006
-0.180, +2.453e-006
-0.179, +2.479e-006
-0.178, +2.489e-006
-0.177, +2.482e-006
-0.176, +2.490e-006
-0.175, +2.514e-006
-0.174, +2.512e-006
-0.173, +2.516e-006
-0.172, +2.530e-006
-0.171, +2.529e-006
-0.170, +2.547e-006
-0.169, +2.552e-006
-0.168, +2.565e-006
-0.167, +2.584e-006
-0.166, +2.564e-006
-0.165, +2.587e-006
-0.164, +2.596e-006
-0.163, +2.606e-006
-0.162, +2.622e-006
-0.161, +2.635e-006
-0.160, +2.637e-006
-0.159, +2.650e-006
-0.158, +2.652e-006
-0.157, +2.674e-006
-0.156, +2.672e-006
-0.155, +2.672e-006
-0.154, +2.699e-006
-0.153, +2.719e-006
-0.152, +2.709e-006
-0.151, +2.726e-006
-0.150, +2.729e-006
-0.149, +2.739e-006
-0.148, +2.735e-006
-0.147, +2.736e-006
-0.146, +2.752e-006
-0.145, +2.751e-006
-0.144, +2.768e-006
-0.143, +2.781e-006
-0.142, +2.781e-006
-0.141, +2.788e-006
-0.140, +2.791e-006
-0.139, +2.793e-006
-0.138, +2.802e-006
-0.137, +2.820e-006
-0.136, +2.818e-006
-0.135, +2.819e-006
-0.134, +2.816e-006
-0.133, +2.831e-006
-0.132, +2.836e-006
-0.131, +2.839e-006
-0.130, +2.843e-006
-0.129, +2.853e-006
-0.128, +2.869e-006
-0.127, +2.867e-006
-0.126, +2.858e-006
-0.125, +2.855e-006
-0.124, +2.869e-006
-0.123, +2.863e-006
-0.122, +2.864e-006
-0.121, +2.860e-006
-0.120, +2.862e-006
-0.119, +2.875e-006
-0.118, +2.872e-006
-0.117, +2.879e-006
-0.116, +2.865e-006
-0.115, +2.849e-006
-0.114, +2.871e-006
-0.113, +2.859e-006
-0.112, +2.869e-006
-0.111, +2.884e-006
-0.110, +2.869e-006
-0.109, +2.852e-006
-0.108, +2.857e-006
-0.107, +2.862e-006
-0.106, +2.859e-006
-0.105, +2.859e-006
-0.104, +2.857e-006
-0.103, +2.857e-006
-0.102, +2.897e-006
-0.101, +2.863e-006
-0.100, +2.849e-006
-0.099, +2.839e-006
-0.098, +2.842e-006
-0.097, +2.828e-006
-0.096, +2.819e-006
-0.095, +2.819e-006
-0.094, +2.824e-006
-0.093, +2.813e-006
-0.092, +2.810e-006
-0.091, +2.805e-006
-0.090, +2.808e-006
-0.089, +2.790e-006
-0.088, +2.789e-006
-0.087, +2.798e-006
-0.086, +2.785e-006
-0.085, +2.779e-006
-0.084, +2.779e-006
-0.083, +2.764e-006
-0.082, +2.762e-006
-0.081, +2.752e-006
-0.080, +2.758e-006
-0.079, +2.752e-006
-0.078, +2.739e-006
-0.077, +2.750e-006
-0.076, +2.744e-006
-0.075, +2.716e-006
-0.074, +2.725e-006
-0.073, +2.710e-006
-0.072, +2.702e-006
-0.071, +2.694e-006
-0.070, +2.685e-006
-0.069, +2.682e-006
-0.068, +2.680e-006
-0.067, +2.674e-006
-0.066, +2.678e-006
-0.065, +2.657e-006
-0.064, +2.647e-006
-0.063, +2.647e-006
-0.062, +2.644e-006
-0.061, +2.648e-006
-0.060, +2.635e-006
-0.059, +2.618e-006
-0.058, +2.620e-006
-0.057, +2.612e-006
-0.056, +2.601e-006
-0.055, +2.603e-006
-0.054, +2.600e-006
-0.053, +2.592e-006
-0.052, +2.585e-006
-0.051, +2.587e-006
-0.050, +2.571e-006
-0.049, +2.570e-006
-0.048, +2.561e-006
-0.047, +2.562e-006
-0.046, +2.540e-006
-0.045, +2.546e-006
-0.044, +2.536e-006
-0.043, +2.530e-006
-0.042, +2.536e-006
-0.041, +2.524e-006
-0.040, +2.522e-006
-0.039, +2.515e-006
-0.038, +2.500e-006
-0.037, +2.498e-006
-0.036, +2.497e-006
-0.035, +2.496e-006
-0.034, +2.494e-006
-0.033, +2.475e-006
-0.032, +2.475e-006
-0.031, +2.465e-006
-0.030, +2.460e-006
-0.029, +2.469e-006
-0.028, +2.462e-006
-0.027, +2.454e-006
-0.026, +2.449e-006
-0.025, +2.457e-006
-0.024, +2.429e-006
-0.023, +2.442e-006
-0.022, +2.427e-006
-0.021, +2.419e-006
-0.020, +2.426e-006
-0.019, +2.410e-006
-0.018, +2.405e-006
-0.017, +2.407e-006
-0.016, +2.402e-006
-0.015, +2.404e-006
-0.014, +2.392e-006
-0.013, +2.385e-006
-0.012, +2.374e-006
-0.011, +2.374e-006
-0.010, +2.381e-006
-0.009, +2.373e-006
-0.008, +2.368e-006
-0.007, +2.358e-006
-0.006, +2.353e-006
-0.005, +2.349e-006
-0.004, +2.354e-006
-0.003, +2.340e-006
-0.002, +2.344e-006
-0.001, +2.330e-006
-0.000, +2.249e-006
0.001, +2.291e-006
0.002, +2.315e-006
0.003, +2.321e-006
0.004, +2.318e-006
0.005, +2.306e-006
0.006, +2.316e-006
0.007, +2.307e-006
0.008, +2.302e-006
0.009, +2.299e-006
0.010, +2.303e-006
0.011, +2.290e-006
0.012, +2.288e-006
0.013, +2.271e-006
0.014, +2.277e-006
0.015, +2.274e-006
0.016, +2.280e-006
0.017, +2.276e-006
0.018, +2.265e-006
0.019, +2.262e-006
0.020, +2.263e-006
0.021, +2.251e-006
0.022, +2.254e-006
0.023, +2.252e-006
0.024, +2.244e-006
0.025, +2.249e-006
0.026, +2.263e-006
0.027, +2.237e-006
0.028, +2.236e-006
0.029, +2.232e-006
0.030, +2.234e-006
0.031, +2.226e-006
0.032, +2.210e-006
0.033, +2.221e-006
0.034, +2.215e-006
0.035, +2.215e-006
0.036, +2.217e-006
0.037, +2.216e-006
0.038, +2.204e-006
0.039, +2.193e-006
0.040, +2.187e-006
0.041, +2.199e-006
0.042, +2.196e-006
0.043, +2.187e-006
0.044, +2.187e-006
0.045, +2.182e-006
0.046, +2.183e-006
0.047, +2.180e-006
0.048, +2.177e-006
0.049, +2.182e-006
0.050, +2.169e-006
0.051, +2.177e-006
0.052, +2.180e-006
0.053, +2.158e-006
0.054, +2.154e-006
0.055, +2.160e-006
0.056, +2.155e-006
0.057, +2.156e-006
0.058, +2.151e-006
0.059, +2.148e-006
0.060, +2.148e-006
0.061, +2.146e-006
0.062, +2.139e-006
0.063, +2.139e-006
0.064, +2.127e-006
0.065, +2.136e-006
0.066, +2.130e-006
0.067, +2.131e-006
0.068, +2.129e-006
0.069, +2.123e-006
0.070, +2.124e-006
0.071, +2.120e-006
0.072, +2.114e-006
0.073, +2.121e-006
0.074, +2.116e-006
0.075, +2.109e-006
0.076, +2.111e-006
0.077, +2.124e-006
0.078, +2.112e-006
0.079, +2.108e-006
0.080, +2.108e-006
0.081, +2.104e-006
0.082, +2.091e-006
0.083, +2.092e-006
0.084, +2.092e-006
0.085, +2.090e-006
0.086, +2.091e-006
0.087, +2.087e-006
0.088, +2.082e-006
0.089, +2.081e-006
0.090, +2.068e-006
0.091, +2.076e-006
0.092, +2.072e-006
0.093, +2.075e-006
0.094, +2.076e-006
0.095, +2.073e-006
0.096, +2.065e-006
0.097, +2.066e-006
0.098, +2.067e-006
0.099, +2.067e-006
0.100, +2.066e-006
0.101, +2.061e-006
0.102, +2.077e-006
0.103, +2.094e-006
0.104, +2.055e-006
0.105, +2.052e-006
0.106, +2.055e-006
0.107, +2.046e-006
0.108, +2.047e-006
0.109, +2.038e-006
0.110, +2.045e-006
0.111, +2.044e-006
0.112, +2.043e-006
0.113, +2.042e-006
0.114, +2.035e-006
0.115, +2.030e-006
0.116, +2.027e-006
0.117, +2.027e-006
0.118, +2.033e-006
0.119, +2.033e-006
0.120, +2.024e-006
0.121, +2.032e-006
0.122, +2.020e-006
0.123, +2.022e-006
0.124, +2.023e-006
0.125, +2.019e-006
0.126, +2.021e-006
0.127, +2.025e-006
0.128, +2.029e-006
0.129, +2.023e-006
0.130, +2.014e-006
0.131, +2.012e-006
0.132, +2.017e-006
0.133, +2.007e-006
0.134, +2.013e-006
0.135, +1.997e-006
0.136, +1.999e-006
0.137, +2.013e-006
0.138, +2.011e-006
0.139, +2.003e-006
0.140, +1.999e-006
0.141, +1.986e-006
0.142, +2.004e-006
0.143, +1.991e-006
0.144, +2.002e-006
0.145, +1.996e-006
0.146, +1.995e-006
0.147, +1.983e-006
0.148, +1.987e-006
0.149, +1.994e-006
0.150, +1.991e-006
0.151, +1.990e-006
0.152, +1.985e-006
0.153, +1.982e-006
0.154, +1.990e-006
0.155, +1.986e-006
0.156, +1.980e-006
0.157, +1.988e-006
0.158, +1.978e-006
0.159, +1.976e-006
0.160, +1.974e-006
0.161, +1.973e-006
0.162, +1.980e-006
0.163, +1.974e-006
0.164, +1.968e-006
0.165, +1.970e-006
0.166, +1.965e-006
0.167, +1.961e-006
0.168, +1.968e-006
0.169, +1.968e-006
0.170, +1.974e-006
0.171, +1.964e-006
0.172, +1.966e-006
0.173, +1.959e-006
0.174, +1.962e-006
0.175, +1.962e-006
0.176, +1.958e-006
0.177, +1.966e-006
0.178, +1.962e-006
0.179, +1.972e-006
0.180, +1.970e-006
0.181, +1.954e-006
0.182, +1.959e-006
0.183, +1.957e-006
0.184, +1.952e-006
0.185, +1.951e-006
0.186, +1.949e-006
0.187, +1.953e-006
0.188, +1.952e-006
0.189, +1.953e-006
0.190, +1.949e-006
0.191, +1.946e-006
0.192, +1.938e-006
0.193, +1.949e-006
0.194, +1.943e-006
0.195, +1.941e-006
0.196, +1.953e-006
0.197, +1.940e-006
0.198, +1.938e-006
0.199, +1.938e-006
0.200, +1.949e-006
0.201, +1.939e-006
0.202, +1.944e-006
0.203, +1.942e-006
0.204, +1.942e-006
0.205, +1.978e-006
0.206, +1.954e-006
0.207, +1.933e-006
0.208, +1.945e-006
0.209, +1.939e-006
0.210, +1.929e-006
0.211, +1.927e-006
0.212, +1.928e-006
0.213, +1.929e-006
0.214, +1.937e-006
0.215, +1.938e-006
0.216, +1.932e-006
0.217, +1.929e-006
0.218, +1.919e-006
0.219, +1.926e-006
0.220, +1.926e-006
0.221, +1.926e-006
0.222, +1.933e-006
0.223, +1.922e-006
0.224, +1.921e-006
0.225, +1.927e-006
0.226, +1.922e-006
0.227, +1.926e-006
0.228, +1.927e-006
0.229, +1.924e-006
0.230, +1.928e-006
0.231, +1.940e-006
0.232, +1.927e-006
0.233, +1.922e-006
0.234, +1.921e-006
0.235, +1.918e-006
0.236, +1.917e-006
0.237, +1.907e-006
0.238, +1.919e-006
0.239, +1.913e-006
0.240, +1.915e-006
0.241, +1.916e-006
0.242, +1.918e-006
0.243, +1.911e-006
0.244, +1.910e-006
0.245, +1.912e-006
0.246, +1.913e-006
0.247, +1.916e-006
0.248, +1.914e-006
0.249, +1.916e-006
0.250, +1.907e-006
0.251, +1.916e-006
0.252, +1.912e-006
0.253, +1.920e-006
0.254, +1.911e-006
0.255, +1.912e-006
0.256, +1.916e-006
0.257, +1.918e-006
0.258, +1.903e-006
0.259, +1.912e-006
0.260, +1.910e-006
0.261, +1.904e-006
0.262, +1.911e-006
0.263, +1.899e-006
0.264, +1.903e-006
0.265, +1.911e-006
0.266, +1.905e-006
0.267, +1.909e-006
0.268, +1.907e-006
0.269, +1.893e-006
0.270, +1.901e-006
0.271, +1.902e-006
0.272, +1.905e-006
0.273, +1.906e-006
0.274, +1.905e-006
0.275, +1.906e-006
0.276, +1.897e-006
0.277, +1.902e-006
0.278, +1.910e-006
0.279, +1.903e-006
0.280, +1.903e-006
0.281, +1.905e-006
0.282, +1.917e-006
0.283, +1.910e-006
0.284, +1.903e-006
0.285, +1.903e-006
0.286, +1.909e-006
0.287, +1.897e-006
0.288, +1.892e-006
0.289, +1.899e-006
0.290, +1.897e-006
0.291, +1.904e-006
0.292, +1.903e-006
0.293, +1.895e-006
0.294, +1.897e-006
0.295, +1.893e-006
0.296, +1.898e-006
0.297, +1.901e-006
0.298, +1.894e-006
0.299, +1.896e-006
0.300, +1.896e-006
0.301, +1.893e-006
0.302, +1.897e-006
0.303, +1.898e-006
0.304, +1.900e-006
0.305, +1.903e-006
0.306, +1.902e-006
0.307, +1.920e-006
0.308, +1.918e-006
0.309, +1.895e-006
0.310, +1.896e-006
0.311, +1.903e-006
0.312, +1.897e-006
0.313, +1.898e-006
0.314, +1.891e-006
0.315, +1.898e-006
0.316, +1.905e-006
0.317, +1.899e-006
0.318, +1.898e-006
0.319, +1.894e-006
0.320, +1.892e-006
0.321, +1.898e-006
0.322, +1.891e-006
0.323, +1.895e-006
0.324, +1.902e-006
0.325, +1.894e-006
0.326, +1.898e-006
0.327, +1.892e-006
0.328, +1.897e-006
0.329, +1.896e-006
0.330, +1.903e-006
0.331, +1.893e-006
0.332, +1.897e-006
0.333, +1.907e-006
0.334, +1.900e-006
0.335, +1.896e-006
0.336, +1.901e-006
0.337, +1.896e-006
0.338, +1.895e-006
0.339, +1.891e-006
0.340, +1.893e-006
0.341, +1.891e-006
0.342, +1.896e-006
0.343, +1.894e-006
0.344, +1.892e-006
0.345, +1.897e-006
0.346, +1.888e-006
0.347, +1.896e-006
0.348, +1.894e-006
0.349, +1.893e-006
0.350, +1.896e-006
0.351, +1.896e-006
0.352, +1.893e-006
0.353, +1.894e-006
0.354, +1.892e-006
0.355, +1.893e-006
0.356, +1.894e-006
0.357, +1.890e-006
0.358, +1.896e-006
0.359, +1.908e-006
0.360, +1.899e-006
0.361, +1.895e-006
0.362, +1.897e-006
0.363, +1.893e-006
0.364, +1.894e-006
0.365, +1.887e-006
0.366, +1.894e-006
0.367, +1.898e-006
0.368, +1.889e-006
0.369, +1.896e-006
0.370, +1.892e-006
0.371, +1.892e-006
0.372, +1.894e-006
0.373, +1.889e-006
0.374, +1.896e-006
0.375, +1.891e-006
0.376, +1.894e-006
0.377, +1.894e-006
0.378, +1.886e-006
0.379, +1.892e-006
0.380, +1.895e-006
0.381, +1.893e-006
0.382, +1.898e-006
0.383, +1.891e-006
0.384, +1.900e-006
0.385, +1.905e-006
0.386, +1.887e-006
0.387, +1.891e-006
0.388, +1.891e-006
0.389, +1.894e-006
0.390, +1.897e-006
0.391, +1.889e-006
0.392, +1.888e-006
0.393, +1.895e-006
0.394, +1.896e-006
0.395, +1.893e-006
0.396, +1.889e-006
0.397, +1.886e-006
0.398, +1.884e-006
0.399, +1.896e-006
0.400, +1.899e-006
0.401, +1.893e-006
0.402, +1.895e-006
0.403, +1.893e-006
0.404, +1.891e-006
0.405, +1.887e-006
0.406, +1.897e-006
0.407, +1.896e-006
0.408, +1.893e-006
0.409, +1.888e-006
0.410, +1.804e-006
0.411, +1.877e-006
0.412, +1.894e-006
0.413, +1.894e-006
0.414, +1.894e-006
0.415, +1.889e-006
0.416, +1.884e-006
0.417, +1.891e-006
0.418, +1.891e-006
0.419, +1.891e-006
0.420, +1.893e-006
0.421, +1.895e-006
0.422, +1.887e-006
0.423, +1.885e-006
0.424, +1.887e-006
0.425, +1.891e-006
0.426, +1.891e-006
0.427, +1.891e-006
0.428, +1.893e-006
0.429, +1.889e-006
0.430, +1.894e-006
0.431, +1.891e-006
0.432, +1.891e-006
0.433, +1.890e-006
0.434, +1.884e-006
0.435, +1.897e-006
0.436, +1.896e-006
0.437, +1.891e-006
0.438, +1.892e-006
0.439, +1.889e-006
0.440, +1.890e-006
0.441, +1.890e-006
0.442, +1.889e-006
0.443, +1.883e-006
0.444, +1.892e-006
0.445, +1.896e-006
0.446, +1.889e-006
0.447, +1.889e-006
0.448, +1.884e-006
0.449, +1.892e-006
0.450, +1.890e-006
0.451, +1.894e-006
0.452, +1.890e-006
0.453, +1.888e-006
0.454, +1.895e-006
0.455, +1.887e-006
0.456, +1.888e-006
0.457, +1.890e-006
0.458, +1.888e-006
0.459, +1.893e-006
0.460, +1.891e-006
0.461, +1.902e-006
0.462, +1.892e-006
0.463, +1.887e-006
0.464, +1.894e-006
0.465, +1.892e-006
0.466, +1.885e-006
0.467, +1.884e-006
0.468, +1.885e-006
0.469, +1.883e-006
0.470, +1.889e-006
0.471, +1.889e-006
0.472, +1.885e-006
0.473, +1.886e-006
0.474, +1.874e-006
0.475, +1.884e-006
0.476, +1.885e-006
0.477, +1.888e-006
0.478, +1.887e-006
0.479, +1.884e-006
0.480, +1.881e-006
0.481, +1.885e-006
0.482, +1.876e-006
0.483, +1.884e-006
0.484, +1.887e-006
0.485, +1.880e-006
0.486, +1.888e-006
0.487, +1.892e-006
0.488, +1.882e-006
0.489, +1.880e-006
0.490, +1.885e-006
0.491, +1.886e-006
0.492, +1.885e-006
0.493, +1.874e-006
0.494, +1.880e-006
0.495, +1.880e-006
0.496, +1.880e-006
0.497, +1.882e-006
0.498, +1.879e-006
0.499, +1.877e-006
0.500, +1.880e-006
0.501, +1.875e-006
0.502, +1.882e-006
0.503, +1.882e-006
0.504, +1.881e-006
0.505, +1.882e-006
0.506, +1.872e-006
0.507, +1.873e-006
0.508, +1.881e-006
0.509, +1.879e-006
0.510, +1.879e-006
0.511, +1.878e-006
0.512, +1.901e-006
0.513, +1.886e-006
0.514, +1.875e-006
0.515, +1.877e-006
0.516, +1.881e-006
0.517, +1.873e-006
0.518, +1.876e-006
0.519, +1.875e-006
0.520, +1.875e-006
0.521, +1.873e-006
0.522, +1.878e-006
0.523, +1.876e-006
0.524, +1.875e-006
0.525, +1.863e-006
0.526, +1.870e-006
0.527, +1.872e-006
0.528, +1.872e-006
0.529, +1.875e-006
0.530, +1.873e-006
0.531, +1.871e-006
0.532, +1.867e-006
0.533, +1.867e-006
0.534, +1.872e-006
0.535, +1.873e-006
0.536, +1.862e-006
0.537, +1.872e-006
0.538, +1.880e-006
0.539, +1.871e-006
0.540, +1.870e-006
0.541, +1.864e-006
0.542, +1.867e-006
0.543, +1.866e-006
0.544, +1.859e-006
0.545, +1.866e-006
0.546, +1.861e-006
0.547, +1.866e-006
0.548, +1.867e-006
0.549, +1.861e-006
0.550, +1.864e-006
0.551, +1.856e-006
0.552, +1.860e-006
0.553, +1.861e-006
0.554, +1.864e-006
0.555, +1.860e-006
0.556, +1.860e-006
0.557, +1.852e-006
0.558, +1.860e-006
0.559, +1.860e-006
0.560, +1.861e-006
0.561, +1.865e-006
0.562, +1.859e-006
0.563, +1.865e-006
0.564, +1.870e-006
0.565, +1.856e-006
0.566, +1.863e-006
0.567, +1.857e-006
0.568, +1.860e-006
0.569, +1.860e-006
0.570, +1.855e-006
0.571, +1.858e-006
0.572, +1.858e-006
0.573, +1.857e-006
0.574, +1.858e-006
0.575, +1.857e-006
0.576, +1.850e-006
0.577, +1.853e-006
0.578, +1.853e-006
0.579, +1.855e-006
0.580, +1.859e-006
0.581, +1.855e-006
0.582, +1.853e-006
0.583, +1.849e-006
0.584, +1.857e-006
0.585, +1.857e-006
0.586, +1.854e-006
0.587, +1.855e-006
0.588, +1.852e-006
0.589, +1.861e-006
0.590, +1.857e-006
0.591, +1.851e-006
0.592, +1.853e-006
0.593, +1.853e-006
0.594, +1.847e-006
0.595, +1.848e-006
0.596, +1.842e-006
0.597, +1.846e-006
0.598, +1.851e-006
0.599, +1.853e-006
0.600, +1.844e-006
0.601, +1.848e-006
0.602, +1.841e-006
0.603, +1.851e-006
0.604, +1.847e-006
0.605, +1.846e-006
0.606, +1.848e-006
0.607, +1.850e-006
0.608, +1.844e-006
0.609, +1.849e-006
0.610, +1.844e-006
0.611, +1.846e-006
0.612, +1.848e-006
0.613, +1.842e-006
0.614, +1.854e-006
0.615, +1.872e-006
0.616, +1.845e-006
0.617, +1.844e-006
0.618, +1.849e-006
0.619, +1.846e-006
0.620, +1.847e-006
0.621, +1.837e-006
0.622, +1.843e-006
0.623, +1.840e-006
0.624, +1.844e-006
0.625, +1.849e-006
0.626, +1.843e-006
0.627, +1.838e-006
0.628, +1.837e-006
0.629, +1.839e-006
0.630, +1.844e-006
0.631, +1.844e-006
0.632, +1.842e-006
0.633, +1.841e-006
0.634, +1.835e-006
0.635, +1.841e-006
0.636, +1.843e-006
0.637, +1.840e-006
0.638, +1.839e-006
0.639, +1.843e-006
0.640, +1.853e-006
0.641, +1.847e-006
0.642, +1.837e-006
0.643, +1.839e-006
0.644, +1.842e-006
0.645, +1.830e-006
0.646, +1.838e-006
0.647, +1.833e-006
0.648, +1.834e-006
0.649, +1.839e-006
0.650, +1.838e-006
0.651, +1.840e-006
0.652, +1.840e-006
0.653, +1.833e-006
0.654, +1.839e-006
0.655, +1.839e-006
0.656, +1.840e-006
0.657, +1.836e-006
0.658, +1.840e-006
0.659, +1.838e-006
0.660, +1.838e-006
0.661, +1.840e-006
0.662, +1.843e-006
0.663, +1.843e-006
0.664, +1.844e-006
0.665, +1.845e-006
0.666, +1.845e-006
0.667, +1.843e-006
0.668, +1.840e-006
0.669, +1.840e-006
0.670, +1.840e-006
0.671, +1.839e-006
0.672, +1.838e-006
0.673, +1.843e-006
0.674, +1.837e-006
0.675, +1.836e-006
0.676, +1.843e-006
0.677, +1.838e-006
0.678, +1.837e-006
0.679, +1.828e-006
0.680, +1.836e-006
0.681, +1.841e-006
0.682, +1.840e-006
0.683, +1.839e-006
0.684, +1.842e-006
0.685, +1.833e-006
0.686, +1.839e-006
0.687, +1.842e-006
0.688, +1.838e-006
0.689, +1.844e-006
0.690, +1.841e-006
0.691, +1.849e-006
0.692, +1.847e-006
0.693, +1.837e-006
0.694, +1.847e-006
0.695, +1.843e-006
0.696, +1.838e-006
0.697, +1.841e-006
0.698, +1.838e-006
0.699, +1.839e-006
0.700, +1.839e-006
0.701, +1.844e-006
0.702, +1.845e-006
0.703, +1.846e-006
0.704, +1.839e-006
0.705, +1.840e-006
0.706, +1.839e-006
0.707, +1.842e-006
0.708, +1.844e-006
0.709, +1.840e-006
0.710, +1.841e-006
0.711, +1.839e-006
0.712, +1.840e-006
0.713, +1.844e-006
0.714, +1.842e-006
0.715, +1.842e-006
0.716, +1.845e-006
0.717, +1.869e-006
0.718, +1.846e-006
0.719, +1.846e-006
0.720, +1.853e-006
0.721, +1.846e-006
0.722, +1.844e-006
0.723, +1.844e-006
0.724, +1.846e-006
0.725, +1.845e-006
0.726, +1.850e-006
0.727, +1.846e-006
0.728, +1.843e-006
0.729, +1.848e-006
0.730, +1.835e-006
0.731, +1.840e-006
0.732, +1.846e-006
0.733, +1.845e-006
0.734, +1.851e-006
0.735, +1.840e-006
0.736, +1.845e-006
0.737, +1.844e-006
0.738, +1.842e-006
0.739, +1.849e-006
0.740, +1.847e-006
0.741, +1.847e-006
0.742, +1.853e-006
0.743, +1.860e-006
0.744, +1.847e-006
0.745, +1.850e-006
0.746, +1.847e-006
0.747, +1.849e-006
0.748, +1.849e-006
0.749, +1.847e-006
0.750, +1.849e-006
0.751, +1.848e-006
0.752, +1.853e-006
0.753, +1.854e-006
0.754, +1.849e-006
0.755, +1.844e-006
0.756, +1.843e-006
0.757, +1.849e-006
0.758, +1.854e-006
0.759, +1.847e-006
0.760, +1.849e-006
0.761, +1.849e-006
0.762, +1.845e-006
0.763, +1.853e-006
0.764, +1.849e-006
0.765, +1.851e-006
0.766, +1.855e-006
0.767, +1.849e-006
0.768, +1.860e-006
0.769, +1.860e-006
0.770, +1.852e-006
0.771, +1.855e-006
0.772, +1.855e-006
0.773, +1.854e-006
0.774, +1.849e-006
0.775, +1.845e-006
0.776, +1.850e-006
0.777, +1.858e-006
0.778, +1.853e-006
0.779, +1.855e-006
0.780, +1.854e-006
0.781, +1.843e-006
0.782, +1.850e-006
0.783, +1.851e-006
0.784, +1.851e-006
0.785, +1.852e-006
0.786, +1.849e-006
0.787, +1.846e-006
0.788, +1.850e-006
0.789, +1.849e-006
0.790, +1.854e-006
0.791, +1.855e-006
0.792, +1.852e-006
0.793, +1.856e-006
0.794, +1.864e-006
0.795, +1.852e-006
0.796, +1.853e-006
0.797, +1.854e-006
0.798, +1.852e-006
0.799, +1.849e-006
0.800, +1.849e-006
0.801, +1.852e-006
0.802, +1.852e-006
0.803, +1.856e-006
0.804, +1.858e-006
0.805, +1.852e-006
0.806, +1.849e-006
0.807, +1.846e-006
0.808, +1.847e-006
0.809, +1.853e-006
0.810, +1.852e-006
0.811, +1.852e-006
0.812, +1.851e-006
0.813, +1.852e-006
0.814, +1.852e-006
0.815, +1.852e-006
0.816, +1.849e-006
0.817, +1.854e-006
0.818, +1.851e-006
0.819, +1.835e-006
0.820, +1.833e-006
0.821, +1.845e-006
0.822, +1.849e-006
0.823, +1.853e-006
0.824, +1.852e-006
0.825, +1.854e-006
0.826, +1.848e-006
0.827, +1.855e-006
0.828, +1.854e-006
0.829, +1.853e-006
0.830, +1.855e-006
0.831, +1.854e-006
0.832, +1.851e-006
0.833, +1.852e-006
0.834, +1.851e-006
0.835, +1.856e-006
0.836, +1.853e-006
0.837, +1.852e-006
0.838, +1.851e-006
0.839, +1.853e-006
0.840, +1.851e-006
0.841, +1.854e-006
0.842, +1.856e-006
0.843, +1.854e-006
0.844, +1.855e-006
0.845, +1.865e-006
0.846, +1.856e-006
0.847, +1.856e-006
0.848, +1.855e-006
0.849, +1.853e-006
0.850, +1.851e-006
0.851, +1.850e-006
0.852, +1.849e-006
0.853, +1.852e-006
0.854, +1.855e-006
0.855, +1.855e-006
0.856, +1.855e-006
0.857, +1.857e-006
0.858, +1.846e-006
0.859, +1.850e-006
0.860, +1.855e-006
0.861, +1.852e-006
0.862, +1.853e-006
0.863, +1.853e-006
0.864, +1.849e-006
0.865, +1.854e-006
0.866, +1.849e-006
0.867, +1.853e-006
0.868, +1.857e-006
0.869, +1.850e-006
0.870, +1.857e-006
0.871, +1.858e-006
0.872, +1.850e-006
0.873, +1.856e-006
0.874, +1.857e-006
0.875, +1.853e-006
0.876, +1.850e-006
0.877, +1.849e-006
0.878, +1.855e-006
0.879, +1.858e-006
0.880, +1.856e-006
0.881, +1.856e-006
0.882, +1.852e-006
0.883, +1.853e-006
0.884, +1.852e-006
0.885, +1.855e-006
0.886, +1.857e-006
0.887, +1.858e-006
0.888, +1.855e-006
0.889, +1.855e-006
0.890, +1.848e-006
0.891, +1.857e-006
0.892, +1.859e-006
0.893, +1.857e-006
0.894, +1.857e-006
0.895, +1.855e-006
0.896, +1.869e-006
0.897, +1.866e-006
0.898, +1.861e-006
0.899, +1.861e-006
0.900, +1.862e-006
0.901, +1.858e-006
0.902, +1.860e-006
0.903, +1.857e-006
0.904, +1.858e-006
0.905, +1.860e-006
0.906, +1.862e-006
0.907, +1.860e-006
0.908, +1.859e-006
0.909, +1.854e-006
0.910, +1.863e-006
0.911, +1.859e-006
0.912, +1.864e-006
0.913, +1.864e-006
0.914, +1.860e-006
0.915, +1.860e-006
0.916, +1.865e-006
0.917, +1.865e-006
0.918, +1.864e-006
0.919, +1.867e-006
0.920, +1.861e-006
0.921, +1.866e-006
0.922, +1.890e-006
0.923, +1.866e-006
0.924, +1.865e-006
0.925, +1.864e-006
0.926, +1.868e-006
0.927, +1.866e-006
0.928, +1.864e-006
0.929, +1.866e-006
0.930, +1.870e-006
0.931, +1.868e-006
0.932, +1.873e-006
0.933, +1.872e-006
0.934, +1.873e-006
0.935, +1.869e-006
0.936, +1.871e-006
0.937, +1.876e-006
0.938, +1.876e-006
0.939, +1.873e-006
0.940, +1.876e-006
0.941, +1.875e-006
0.942, +1.882e-006
0.943, +1.877e-006
0.944, +1.880e-006
0.945, +1.883e-006
0.946, +1.881e-006
0.947, +1.894e-006
0.948, +1.892e-006
0.949, +1.883e-006
0.950, +1.887e-006
0.951, +1.890e-006
0.952, +1.885e-006
0.953, +1.891e-006
0.954, +1.883e-006
0.955, +1.887e-006
0.956, +1.888e-006
0.957, +1.893e-006
0.958, +1.893e-006
0.959, +1.892e-006
0.960, +1.886e-006
0.961, +1.894e-006
0.962, +1.892e-006
0.963, +1.896e-006
0.964, +1.895e-006
0.965, +1.891e-006
0.966, +1.898e-006
0.967, +1.896e-006
0.968, +1.897e-006
0.969, +1.900e-006
0.970, +1.903e-006
0.971, +1.906e-006
0.972, +1.905e-006
0.973, +1.913e-006
0.974, +1.910e-006
0.975, +1.908e-006
0.976, +1.908e-006
0.977, +1.912e-006
0.978, +1.907e-006
0.979, +1.909e-006
0.980, +1.910e-006
0.981, +1.913e-006
0.982, +1.917e-006
0.983, +1.915e-006
0.984, +1.914e-006
0.985, +1.917e-006
0.986, +1.914e-006
0.987, +1.919e-006
0.988, +1.924e-006
0.989, +1.928e-006
0.990, +1.930e-006
0.991, +1.927e-006
0.992, +1.925e-006
0.993, +1.931e-006
0.994, +1.933e-006
0.995, +1.935e-006
0.996, +1.933e-006
0.997, +1.933e-006
0.998, +1.942e-006
0.999, +1.952e-006
