source program: DIGISIM WINDOWS
program version: 3.05
file type: CV

experimental parameters:
Estart (V): 1.000
Eswitch (V): -0.800
Eend (V): 1.000
v (V/s): 5.000e-002
temperature (K): 298.2
Ru (Ohms): 0
Cdl (F): 0
cycles: 1

experimental CV curve:
number of E(V), I(A) couples: 3600
1.000, +2.689e-006
0.999, +2.244e-006
0.998, +2.131e-006
0.997, +2.099e-006
0.996, +2.064e-006
0.995, +2.034e-006
0.994, +2.009e-006
0.993, +1.982e-006
0.992, +1.962e-006
0.991, +1.934e-006
0.990, +1.911e-006
0.989, +1.888e-006
0.988, +1.864e-006
0.987, +1.844e-006
0.986, +1.828e-006
0.985, +1.811e-006
0.984, +1.789e-006
0.983, +1.769e-006
0.982, +1.748e-006
0.981, +1.731e-006
0.980, +1.712e-006
0.979, +1.699e-006
0.978, +1.681e-006
0.977, +1.663e-006
0.976, +1.644e-006
0.975, +1.623e-006
0.974, +1.608e-006
0.973, +1.587e-006
0.972, +1.570e-006
0.971, +1.559e-006
0.970, +1.541e-006
0.969, +1.526e-006
0.968, +1.517e-006
0.967, +1.499e-006
0.966, +1.486e-006
0.965, +1.466e-006
0.964, +1.454e-006
0.963, +1.445e-006
0.962, +1.431e-006
0.961, +1.415e-006
0.960, +1.410e-006
0.959, +1.390e-006
0.958, +1.377e-006
0.957, +1.361e-006
0.956, +1.350e-006
0.955, +1.340e-006
0.954, +1.325e-006
0.953, +1.315e-006
0.952, +1.308e-006
0.951, +1.290e-006
0.950, +1.276e-006
0.949, +1.264e-006
0.948, +1.255e-006
0.947, +1.231e-006
0.946, +1.226e-006
0.945, +1.222e-006
0.944, +1.206e-006
0.943, +1.192e-006
0.942, +1.187e-006
0.941, +1.175e-006
0.940, +1.163e-006
0.939, +1.154e-006
0.938, +1.139e-006
0.937, +1.133e-006
0.936, +1.123e-006
0.935, +1.111e-006
0.934, +1.104e-006
0.933, +1.091e-006
0.932, +1.083e-006
0.931, +1.070e-006
0.930, +1.061e-006
0.929, +1.052e-006
0.928, +1.043e-006
0.927, +1.030e-006
0.926, +1.022e-006
0.925, +1.012e-006
0.924, +9.962e-007
0.923, +9.941e-007
0.922, +9.700e-007
0.921, +9.542e-007
0.920, +9.572e-007
0.919, +9.485e-007
0.918, +9.404e-007
0.917, +9.336e-007
0.916, +9.219e-007
0.915, +9.155e-007
0.914, +9.064e-007
0.913, +8.992e-007
0.912, +8.866e-007
0.911, +8.777e-007
0.910, +8.732e-007
0.909, +8.688e-007
0.908, +8.568e-007
0.907, +8.500e-007
0.906, +8.414e-007
0.905, +8.340e-007
0.904, +8.222e-007
0.903, +8.161e-007
0.902, +8.129e-007
0.901, +8.009e-007
0.900, +7.926e-007
0.899, +7.826e-007
0.898, +7.729e-007
0.897, +7.661e-007
0.896, +7.490e-007
0.895, +7.487e-007
0.894, +7.473e-007
0.893, +7.371e-007
0.892, +7.299e-007
0.891, +7.233e-007
0.890, +7.128e-007
0.889, +7.075e-007
0.888, +7.038e-007
0.887, +6.951e-007
0.886, +6.826e-007
0.885, +6.769e-007
0.884, +6.677e-007
0.883, +6.686e-007
0.882, +6.558e-007
0.881, +6.466e-007
0.880, +6.384e-007
0.879, +6.372e-007
0.878, +6.303e-007
0.877, +6.219e-007
0.876, +6.100e-007
0.875, +5.991e-007
0.874, +5.954e-007
0.873, +5.898e-007
0.872, +5.834e-007
0.871, +5.721e-007
0.870, +5.631e-007
0.869, +5.632e-007
0.868, +5.577e-007
0.867, +5.506e-007
0.866, +5.421e-007
0.865, +5.362e-007
0.864, +5.346e-007
0.863, +5.268e-007
0.862, +5.182e-007
0.861, +5.093e-007
0.860, +5.026e-007
0.859, +5.020e-007
0.858, +4.954e-007
0.857, +4.912e-007
0.856, +4.841e-007
0.855, +4.718e-007
0.854, +4.663e-007
0.853, +4.637e-007
0.852, +4.565e-007
0.851, +4.561e-007
0.850, +4.440e-007
0.849, +4.381e-007
0.848, +4.290e-007
0.847, +4.244e-007
0.846, +4.195e-007
0.845, +4.061e-007
0.844, +3.969e-007
0.843, +4.016e-007
0.842, +3.910e-007
0.841, +3.891e-007
0.840, +3.876e-007
0.839, +3.818e-007
0.838, +3.781e-007
0.837, +3.723e-007
0.836, +3.623e-007
0.835, +3.559e-007
0.834, +3.506e-007
0.833, +3.422e-007
0.832, +3.445e-007
0.831, +3.378e-007
0.830, +3.242e-007
0.829, +3.216e-007
0.828, +3.179e-007
0.827, +3.158e-007
0.826, +3.082e-007
0.825, +3.055e-007
0.824, +2.963e-007
0.823, +2.894e-007
0.822, +2.801e-007
0.821, +2.822e-007
0.820, +2.726e-007
0.819, +2.983e-007
0.818, +2.710e-007
0.817, +2.553e-007
0.816, +2.543e-007
0.815, +2.460e-007
0.814, +2.405e-007
0.813, +2.384e-007
0.812, +2.356e-007
0.811, +2.345e-007
0.810, +2.201e-007
0.809, +2.164e-007
0.808, +2.149e-007
0.807, +2.053e-007
0.806, +2.100e-007
0.805, +1.979e-007
0.804, +1.934e-007
0.803, +1.876e-007
0.802, +1.842e-007
0.801, +1.788e-007
0.800, +1.796e-007
0.799, +1.672e-007
0.798, +1.653e-007
0.797, +1.556e-007
0.796, +1.541e-007
0.795, +1.475e-007
0.794, +1.376e-007
0.793, +1.326e-007
0.792, +1.406e-007
0.791, +1.300e-007
0.790, +1.250e-007
0.789, +1.251e-007
0.788, +1.173e-007
0.787, +1.177e-007
0.786, +1.095e-007
0.785, +1.038e-007
0.784, +9.673e-008
0.783, +9.301e-008
0.782, +9.154e-008
0.781, +8.968e-008
0.780, +8.419e-008
0.779, +8.126e-008
0.778, +7.224e-008
0.777, +6.882e-008
0.776, +6.627e-008
0.775, +5.677e-008
0.774, +6.020e-008
0.773, +5.618e-008
0.772, +4.472e-008
0.771, +4.364e-008
0.770, +3.885e-008
0.769, +3.444e-008
0.768, +2.670e-008
0.767, +2.122e-008
0.766, +2.249e-008
0.765, +1.563e-008
0.764, +1.485e-008
0.763, +1.113e-008
0.762, +5.054e-009
0.761, +4.368e-009
0.760, +5.485e-010
0.759, -9.050e-009
0.758, -1.258e-008
0.757, -1.875e-008
0.756, -2.149e-008
0.755, -1.689e-008
0.754, -3.070e-008
0.753, -3.314e-008
0.752, -3.608e-008
0.751, -4.147e-008
0.750, -4.186e-008
0.749, -4.167e-008
0.748, -5.058e-008
0.747, -5.528e-008
0.746, -5.675e-008
0.745, -6.586e-008
0.744, -5.959e-008
0.743, -7.125e-008
0.742, -8.231e-008
0.741, -7.751e-008
0.740, -8.251e-008
0.739, -8.662e-008
0.738, -9.279e-008
0.737, -9.475e-008
0.736, -9.534e-008
0.735, -9.936e-008
0.734, -1.077e-007
0.733, -1.062e-007
0.732, -1.099e-007
0.731, -1.132e-007
0.730, -1.129e-007
0.729, -1.195e-007
0.728, -1.237e-007
0.727, -1.290e-007
0.726, -1.275e-007
0.725, -1.368e-007
0.724, -1.388e-007
0.723, -1.349e-007
0.722, -1.448e-007
0.721, -1.443e-007
0.720, -1.532e-007
0.719, -1.556e-007
0.718, -1.569e-007
0.717, -1.797e-007
0.716, -1.783e-007
0.715, -1.680e-007
0.714, -1.800e-007
0.713, -1.769e-007
0.712, -1.818e-007
0.711, -1.848e-007
0.710, -1.841e-007
0.709, -1.911e-007
0.708, -1.971e-007
0.707, -2.012e-007
0.706, -1.999e-007
0.705, -2.018e-007
0.704, -2.044e-007
0.703, -2.124e-007
0.702, -2.158e-007
0.701, -2.243e-007
0.700, -2.194e-007
0.699, -2.259e-007
0.698, -2.267e-007
0.697, -2.218e-007
0.696, -2.330e-007
0.695, -2.329e-007
0.694, -2.375e-007
0.693, -2.418e-007
0.692, -2.484e-007
0.691, -2.623e-007
0.690, -2.567e-007
0.689, -2.551e-007
0.688, -2.581e-007
0.687, -2.617e-007
0.686, -2.612e-007
0.685, -2.642e-007
0.684, -2.706e-007
0.683, -2.725e-007
0.682, -2.823e-007
0.681, -2.822e-007
0.680, -2.822e-007
0.679, -2.864e-007
0.678, -2.795e-007
0.677, -2.905e-007
0.676, -2.933e-007
0.675, -2.987e-007
0.674, -3.017e-007
0.673, -2.997e-007
0.672, -3.046e-007
0.671, -3.104e-007
0.670, -3.093e-007
0.669, -3.170e-007
0.668, -3.209e-007
0.667, -3.174e-007
0.666, -3.281e-007
0.665, -3.315e-007
0.664, -3.291e-007
0.663, -3.333e-007
0.662, -3.370e-007
0.661, -3.399e-007
0.660, -3.438e-007
0.659, -3.406e-007
0.658, -3.424e-007
0.657, -3.508e-007
0.656, -3.608e-007
0.655, -3.583e-007
0.654, -3.592e-007
0.653, -3.570e-007
0.652, -3.609e-007
0.651, -3.701e-007
0.650, -3.734e-007
0.649, -3.714e-007
0.648, -3.727e-007
0.647, -3.822e-007
0.646, -3.750e-007
0.645, -3.853e-007
0.644, -3.881e-007
0.643, -3.909e-007
0.642, -3.935e-007
0.641, -3.922e-007
0.640, -4.029e-007
0.639, -4.024e-007
0.638, -3.988e-007
0.637, -4.065e-007
0.636, -4.076e-007
0.635, -4.068e-007
0.634, -4.095e-007
0.633, -4.118e-007
0.632, -4.150e-007
0.631, -4.202e-007
0.630, -4.215e-007
0.629, -4.284e-007
0.628, -4.332e-007
0.627, -4.239e-007
0.626, -4.340e-007
0.625, -4.371e-007
0.624, -4.375e-007
0.623, -4.422e-007
0.622, -4.402e-007
0.621, -4.457e-007
0.620, -4.451e-007
0.619, -4.474e-007
0.618, -4.546e-007
0.617, -4.566e-007
0.616, -4.570e-007
0.615, -4.682e-007
0.614, -4.893e-007
0.613, -4.706e-007
0.612, -4.731e-007
0.611, -4.731e-007
0.610, -4.768e-007
0.609, -4.759e-007
0.608, -4.763e-007
0.607, -4.817e-007
0.606, -4.842e-007
0.605, -4.937e-007
0.604, -4.881e-007
0.603, -4.862e-007
0.602, -4.950e-007
0.601, -4.902e-007
0.600, -4.994e-007
0.599, -5.011e-007
0.598, -4.996e-007
0.597, -5.031e-007
0.596, -5.119e-007
0.595, -5.058e-007
0.594, -5.091e-007
0.593, -5.159e-007
0.592, -5.152e-007
0.591, -5.183e-007
0.590, -5.171e-007
0.589, -5.325e-007
0.588, -5.292e-007
0.587, -5.246e-007
0.586, -5.333e-007
0.585, -5.334e-007
0.584, -5.315e-007
0.583, -5.343e-007
0.582, -5.363e-007
0.581, -5.390e-007
0.580, -5.454e-007
0.579, -5.448e-007
0.578, -5.473e-007
0.577, -5.434e-007
0.576, -5.447e-007
0.575, -5.539e-007
0.574, -5.571e-007
0.573, -5.641e-007
0.572, -5.678e-007
0.571, -5.609e-007
0.570, -5.689e-007
0.569, -5.652e-007
0.568, -5.709e-007
0.567, -5.781e-007
0.566, -5.802e-007
0.565, -5.812e-007
0.564, -5.799e-007
0.563, -5.898e-007
0.562, -5.882e-007
0.561, -5.896e-007
0.560, -5.907e-007
0.559, -5.917e-007
0.558, -5.962e-007
0.557, -5.974e-007
0.556, -5.945e-007
0.555, -5.999e-007
0.554, -6.039e-007
0.553, -6.083e-007
0.552, -6.070e-007
0.551, -6.109e-007
0.550, -6.026e-007
0.549, -6.096e-007
0.548, -6.126e-007
0.547, -6.143e-007
0.546, -6.190e-007
0.545, -6.202e-007
0.544, -6.192e-007
0.543, -6.241e-007
0.542, -6.241e-007
0.541, -6.324e-007
0.540, -6.358e-007
0.539, -6.314e-007
0.538, -6.419e-007
0.537, -6.517e-007
0.536, -6.382e-007
0.535, -6.435e-007
0.534, -6.479e-007
0.533, -6.447e-007
0.532, -6.484e-007
0.531, -6.432e-007
0.530, -6.561e-007
0.529, -6.549e-007
0.528, -6.610e-007
0.527, -6.617e-007
0.526, -6.615e-007
0.525, -6.629e-007
0.524, -6.646e-007
0.523, -6.668e-007
0.522, -6.717e-007
0.521, -6.798e-007
0.520, -6.770e-007
0.519, -6.781e-007
0.518, -6.735e-007
0.517, -6.789e-007
0.516, -6.857e-007
0.515, -6.890e-007
0.514, -6.876e-007
0.513, -6.900e-007
0.512, -7.150e-007
0.511, -7.074e-007
0.510, -6.989e-007
0.509, -7.015e-007
0.508, -7.043e-007
0.507, -7.034e-007
0.506, -7.039e-007
0.505, -7.045e-007
0.504, -7.071e-007
0.503, -7.175e-007
0.502, -7.184e-007
0.501, -7.200e-007
0.500, -7.221e-007
0.499, -7.144e-007
0.498, -7.224e-007
0.497, -7.218e-007
0.496, -7.297e-007
0.495, -7.272e-007
0.494, -7.288e-007
0.493, -7.287e-007
0.492, -7.370e-007
0.491, -7.367e-007
0.490, -7.453e-007
0.489, -7.462e-007
0.488, -7.390e-007
0.487, -7.481e-007
0.486, -7.633e-007
0.485, -7.510e-007
0.484, -7.499e-007
0.483, -7.593e-007
0.482, -7.522e-007
0.481, -7.596e-007
0.480, -7.543e-007
0.479, -7.650e-007
0.478, -7.613e-007
0.477, -7.647e-007
0.476, -7.710e-007
0.475, -7.677e-007
0.474, -7.676e-007
0.473, -7.671e-007
0.472, -7.704e-007
0.471, -7.834e-007
0.470, -7.844e-007
0.469, -7.829e-007
0.468, -7.843e-007
0.467, -7.782e-007
0.466, -7.905e-007
0.465, -7.956e-007
0.464, -7.963e-007
0.463, -7.952e-007
0.462, -7.958e-007
0.461, -8.142e-007
0.460, -8.084e-007
0.459, -7.995e-007
0.458, -8.046e-007
0.457, -8.096e-007
0.456, -8.071e-007
0.455, -8.095e-007
0.454, -8.089e-007
0.453, -8.140e-007
0.452, -8.175e-007
0.451, -8.202e-007
0.450, -8.239e-007
0.449, -8.195e-007
0.448, -8.153e-007
0.447, -8.237e-007
0.446, -8.267e-007
0.445, -8.331e-007
0.444, -8.320e-007
0.443, -8.377e-007
0.442, -8.365e-007
0.441, -8.392e-007
0.440, -8.386e-007
0.439, -8.461e-007
0.438, -8.500e-007
0.437, -8.477e-007
0.436, -8.485e-007
0.435, -8.642e-007
0.434, -8.578e-007
0.433, -8.512e-007
0.432, -8.548e-007
0.431, -8.633e-007
0.430, -8.574e-007
0.429, -8.609e-007
0.428, -8.608e-007
0.427, -8.640e-007
0.426, -8.737e-007
0.425, -8.683e-007
0.424, -8.723e-007
0.423, -8.694e-007
0.422, -8.666e-007
0.421, -8.769e-007
0.420, -8.798e-007
0.419, -8.801e-007
0.418, -8.845e-007
0.417, -8.813e-007
0.416, -8.824e-007
0.415, -8.864e-007
0.414, -8.831e-007
0.413, -8.931e-007
0.412, -8.945e-007
0.411, -8.897e-007
0.410, -8.568e-007
0.409, -8.377e-007
0.408, -8.859e-007
0.407, -9.004e-007
0.406, -9.036e-007
0.405, -9.077e-007
0.404, -9.093e-007
0.403, -9.009e-007
0.402, -9.097e-007
0.401, -9.145e-007
0.400, -9.122e-007
0.399, -9.197e-007
0.398, -9.155e-007
0.397, -9.144e-007
0.396, -9.212e-007
0.395, -9.244e-007
0.394, -9.219e-007
0.393, -9.362e-007
0.392, -9.280e-007
0.391, -9.321e-007
0.390, -9.315e-007
0.389, -9.335e-007
0.388, -9.417e-007
0.387, -9.402e-007
0.386, -9.412e-007
0.385, -9.346e-007
0.384, -9.531e-007
0.383, -9.474e-007
0.382, -9.495e-007
0.381, -9.479e-007
0.380, -9.512e-007
0.379, -9.517e-007
0.378, -9.562e-007
0.377, -9.535e-007
0.376, -9.567e-007
0.375, -9.597e-007
0.374, -9.636e-007
0.373, -9.618e-007
0.372, -9.666e-007
0.371, -9.582e-007
0.370, -9.658e-007
0.369, -9.706e-007
0.368, -9.773e-007
0.367, -9.803e-007
0.366, -9.722e-007
0.365, -9.679e-007
0.364, -9.727e-007
0.363, -9.842e-007
0.362, -9.810e-007
0.361, -9.894e-007
0.360, -9.874e-007
0.359, -9.865e-007
0.358, -1.002e-006
0.357, -9.857e-007
0.356, -9.916e-007
0.355, -9.971e-007
0.354, -9.991e-007
0.353, -9.971e-007
0.352, -9.990e-007
0.351, -9.937e-007
0.350, -9.990e-007
0.349, -1.009e-006
0.348, -1.011e-006
0.347, -1.006e-006
0.346, -1.008e-006
0.345, -1.008e-006
0.344, -1.010e-006
0.343, -1.014e-006
0.342, -1.014e-006
0.341, -1.015e-006
0.340, -1.021e-006
0.339, -1.011e-006
0.338, -1.019e-006
0.337, -1.023e-006
0.336, -1.025e-006
0.335, -1.031e-006
0.334, -1.028e-006
0.333, -1.043e-006
0.332, -1.039e-006
0.331, -1.031e-006
0.330, -1.034e-006
0.329, -1.040e-006
0.328, -1.033e-006
0.327, -1.038e-006
0.326, -1.040e-006
0.325, -1.040e-006
0.324, -1.044e-006
0.323, -1.046e-006
0.322, -1.049e-006
0.321, -1.049e-006
0.320, -1.039e-006
0.319, -1.049e-006
0.318, -1.053e-006
0.317, -1.052e-006
0.316, -1.063e-006
0.315, -1.059e-006
0.314, -1.056e-006
0.313, -1.060e-006
0.312, -1.060e-006
0.311, -1.067e-006
0.310, -1.070e-006
0.309, -1.065e-006
0.308, -1.065e-006
0.307, -1.112e-006
0.306, -1.079e-006
0.305, -1.075e-006
0.304, -1.083e-006
0.303, -1.082e-006
0.302, -1.075e-006
0.301, -1.080e-006
0.300, -1.079e-006
0.299, -1.082e-006
0.298, -1.086e-006
0.297, -1.089e-006
0.296, -1.087e-006
0.295, -1.085e-006
0.294, -1.078e-006
0.293, -1.092e-006
0.292, -1.095e-006
0.291, -1.100e-006
0.290, -1.097e-006
0.289, -1.100e-006
0.288, -1.094e-006
0.287, -1.101e-006
0.286, -1.105e-006
0.285, -1.104e-006
0.284, -1.109e-006
0.283, -1.111e-006
0.282, -1.120e-006
0.281, -1.122e-006
0.280, -1.116e-006
0.279, -1.119e-006
0.278, -1.112e-006
0.277, -1.119e-006
0.276, -1.122e-006
0.275, -1.116e-006
0.274, -1.125e-006
0.273, -1.123e-006
0.272, -1.133e-006
0.271, -1.126e-006
0.270, -1.127e-006
0.269, -1.122e-006
0.268, -1.130e-006
0.267, -1.128e-006
0.266, -1.142e-006
0.265, -1.139e-006
0.264, -1.139e-006
0.263, -1.145e-006
0.262, -1.138e-006
0.261, -1.139e-006
0.260, -1.146e-006
0.259, -1.146e-006
0.258, -1.153e-006
0.257, -1.147e-006
0.256, -1.161e-006
0.255, -1.158e-006
0.254, -1.150e-006
0.253, -1.158e-006
0.252, -1.163e-006
0.251, -1.158e-006
0.250, -1.158e-006
0.249, -1.163e-006
0.248, -1.162e-006
0.247, -1.163e-006
0.246, -1.166e-006
0.245, -1.168e-006
0.244, -1.171e-006
0.243, -1.159e-006
0.242, -1.176e-006
0.241, -1.174e-006
0.240, -1.174e-006
0.239, -1.182e-006
0.238, -1.178e-006
0.237, -1.175e-006
0.236, -1.179e-006
0.235, -1.181e-006
0.234, -1.190e-006
0.233, -1.189e-006
0.232, -1.189e-006
0.231, -1.201e-006
0.230, -1.210e-006
0.229, -1.193e-006
0.228, -1.198e-006
0.227, -1.194e-006
0.226, -1.203e-006
0.225, -1.201e-006
0.224, -1.196e-006
0.223, -1.201e-006
0.222, -1.203e-006
0.221, -1.208e-006
0.220, -1.209e-006
0.219, -1.208e-006
0.218, -1.206e-006
0.217, -1.201e-006
0.216, -1.213e-006
0.215, -1.218e-006
0.214, -1.218e-006
0.213, -1.223e-006
0.212, -1.220e-006
0.211, -1.209e-006
0.210, -1.221e-006
0.209, -1.228e-006
0.208, -1.230e-006
0.207, -1.234e-006
0.206, -1.229e-006
0.205, -1.255e-006
0.204, -1.253e-006
0.203, -1.236e-006
0.202, -1.241e-006
0.201, -1.240e-006
0.200, -1.236e-006
0.199, -1.242e-006
0.198, -1.238e-006
0.197, -1.240e-006
0.196, -1.250e-006
0.195, -1.249e-006
0.194, -1.252e-006
0.193, -1.250e-006
0.192, -1.245e-006
0.191, -1.255e-006
0.190, -1.254e-006
0.189, -1.256e-006
0.188, -1.258e-006
0.187, -1.260e-006
0.186, -1.263e-006
0.185, -1.265e-006
0.184, -1.266e-006
0.183, -1.269e-006
0.182, -1.273e-006
0.181, -1.270e-006
0.180, -1.271e-006
0.179, -1.291e-006
0.178, -1.281e-006
0.177, -1.282e-006
0.176, -1.285e-006
0.175, -1.283e-006
0.174, -1.280e-006
0.173, -1.283e-006
0.172, -1.277e-006
0.171, -1.285e-006
0.170, -1.286e-006
0.169, -1.295e-006
0.168, -1.295e-006
0.167, -1.297e-006
0.166, -1.291e-006
0.165, -1.299e-006
0.164, -1.296e-006
0.163, -1.309e-006
0.162, -1.308e-006
0.161, -1.308e-006
0.160, -1.301e-006
0.159, -1.309e-006
0.158, -1.308e-006
0.157, -1.313e-006
0.156, -1.319e-006
0.155, -1.319e-006
0.154, -1.331e-006
0.153, -1.326e-006
0.152, -1.319e-006
0.151, -1.327e-006
0.150, -1.325e-006
0.149, -1.324e-006
0.148, -1.329e-006
0.147, -1.322e-006
0.146, -1.333e-006
0.145, -1.336e-006
0.144, -1.338e-006
0.143, -1.338e-006
0.142, -1.337e-006
0.141, -1.338e-006
0.140, -1.338e-006
0.139, -1.343e-006
0.138, -1.349e-006
0.137, -1.348e-006
0.136, -1.348e-006
0.135, -1.350e-006
0.134, -1.354e-006
0.133, -1.356e-006
0.132, -1.355e-006
0.131, -1.359e-006
0.130, -1.360e-006
0.129, -1.362e-006
0.128, -1.381e-006
0.127, -1.375e-006
0.126, -1.363e-006
0.125, -1.374e-006
0.124, -1.379e-006
0.123, -1.371e-006
0.122, -1.375e-006
0.121, -1.377e-006
0.120, -1.377e-006
0.119, -1.384e-006
0.118, -1.383e-006
0.117, -1.384e-006
0.116, -1.388e-006
0.115, -1.381e-006
0.114, -1.387e-006
0.113, -1.397e-006
0.112, -1.400e-006
0.111, -1.397e-006
0.110, -1.396e-006
0.109, -1.392e-006
0.108, -1.400e-006
0.107, -1.399e-006
0.106, -1.407e-006
0.105, -1.406e-006
0.104, -1.411e-006
0.103, -1.427e-006
0.102, -1.449e-006
0.101, -1.422e-006
0.100, -1.421e-006
0.099, -1.417e-006
0.098, -1.426e-006
0.097, -1.430e-006
0.096, -1.421e-006
0.095, -1.428e-006
0.094, -1.434e-006
0.093, -1.435e-006
0.092, -1.437e-006
0.091, -1.428e-006
0.090, -1.440e-006
0.089, -1.440e-006
0.088, -1.441e-006
0.087, -1.446e-006
0.086, -1.450e-006
0.085, -1.450e-006
0.084, -1.452e-006
0.083, -1.448e-006
0.082, -1.453e-006
0.081, -1.459e-006
0.080, -1.466e-006
0.079, -1.463e-006
0.078, -1.463e-006
0.077, -1.478e-006
0.076, -1.480e-006
0.075, -1.471e-006
0.074, -1.477e-006
0.073, -1.480e-006
0.072, -1.480e-006
0.071, -1.482e-006
0.070, -1.482e-006
0.069, -1.489e-006
0.068, -1.489e-006
0.067, -1.488e-006
0.066, -1.495e-006
0.065, -1.500e-006
0.064, -1.491e-006
0.063, -1.499e-006
0.062, -1.497e-006
0.061, -1.513e-006
0.060, -1.513e-006
0.059, -1.507e-006
0.058, -1.513e-006
0.057, -1.511e-006
0.056, -1.516e-006
0.055, -1.518e-006
0.054, -1.531e-006
0.053, -1.523e-006
0.052, -1.531e-006
0.051, -1.546e-006
0.050, -1.537e-006
0.049, -1.536e-006
0.048, -1.549e-006
0.047, -1.547e-006
0.046, -1.549e-006
0.045, -1.551e-006
0.044, -1.549e-006
0.043, -1.553e-006
0.042, -1.562e-006
0.041, -1.568e-006
0.040, -1.565e-006
0.039, -1.565e-006
0.038, -1.562e-006
0.037, -1.575e-006
0.036, -1.580e-006
0.035, -1.580e-006
0.034, -1.588e-006
0.033, -1.584e-006
0.032, -1.591e-006
0.031, -1.597e-006
0.030, -1.596e-006
0.029, -1.607e-006
0.028, -1.605e-006
0.027, -1.605e-006
0.026, -1.622e-006
0.025, -1.632e-006
0.024, -1.619e-006
0.023, -1.630e-006
0.022, -1.631e-006
0.021, -1.637e-006
0.020, -1.639e-006
0.019, -1.637e-006
0.018, -1.648e-006
0.017, -1.650e-006
0.016, -1.664e-006
0.015, -1.672e-006
0.014, -1.664e-006
0.013, -1.665e-006
0.012, -1.670e-006
0.011, -1.676e-006
0.010, -1.684e-006
0.009, -1.686e-006
0.008, -1.686e-006
0.007, -1.701e-006
0.006, -1.698e-006
0.005, -1.712e-006
0.004, -1.719e-006
0.003, -1.719e-006
0.002, -1.729e-006
0.001, -1.739e-006
0.000, -1.657e-006
-0.001, -1.714e-006
-0.002, -1.755e-006
-0.003, -1.754e-006
-0.004, -1.766e-006
-0.005, -1.771e-006
-0.006, -1.777e-006
-0.007, -1.779e-006
-0.008, -1.793e-006
-0.009, -1.797e-006
-0.010, -1.806e-006
-0.011, -1.817e-006
-0.012, -1.825e-006
-0.013, -1.816e-006
-0.014, -1.834e-006
-0.015, -1.838e-006
-0.016, -1.847e-006
-0.017, -1.867e-006
-0.018, -1.861e-006
-0.019, -1.871e-006
-0.020, -1.883e-006
-0.021, -1.887e-006
-0.022, -1.905e-006
-0.023, -1.913e-006
-0.024, -1.924e-006
-0.025, -1.935e-006
-0.026, -1.959e-006
-0.027, -1.947e-006
-0.028, -1.960e-006
-0.029, -1.975e-006
-0.030, -1.981e-006
-0.031, -1.990e-006
-0.032, -1.993e-006
-0.033, -2.013e-006
-0.034, -2.017e-006
-0.035, -2.035e-006
-0.036, -2.054e-006
-0.037, -2.060e-006
-0.038, -2.063e-006
-0.039, -2.078e-006
-0.040, -2.089e-006
-0.041, -2.112e-006
-0.042, -2.127e-006
-0.043, -2.136e-006
-0.044, -2.149e-006
-0.045, -2.156e-006
-0.046, -2.172e-006
-0.047, -2.186e-006
-0.048, -2.201e-006
-0.049, -2.222e-006
-0.050, -2.230e-006
-0.051, -2.262e-006
-0.052, -2.268e-006
-0.053, -2.278e-006
-0.054, -2.299e-006
-0.055, -2.315e-006
-0.056, -2.326e-006
-0.057, -2.349e-006
-0.058, -2.355e-006
-0.059, -2.375e-006
-0.060, -2.398e-006
-0.061, -2.414e-006
-0.062, -2.432e-006
-0.063, -2.444e-006
-0.064, -2.448e-006
-0.065, -2.475e-006
-0.066, -2.496e-006
-0.067, -2.516e-006
-0.068, -2.541e-006
-0.069, -2.553e-006
-0.070, -2.578e-006
-0.071, -2.594e-006
-0.072, -2.612e-006
-0.073, -2.636e-006
-0.074, -2.659e-006
-0.075, -2.673e-006
-0.076, -2.700e-006
-0.077, -2.732e-006
-0.078, -2.749e-006
-0.079, -2.760e-006
-0.080, -2.779e-006
-0.081, -2.802e-006
-0.082, -2.816e-006
-0.083, -2.845e-006
-0.084, -2.861e-006
-0.085, -2.886e-006
-0.086, -2.916e-006
-0.087, -2.932e-006
-0.088, -2.958e-006
-0.089, -2.975e-006
-0.090, -2.992e-006
-0.091, -3.019e-006
-0.092, -3.047e-006
-0.093, -3.070e-006
-0.094, -3.096e-006
-0.095, -3.110e-006
-0.096, -3.127e-006
-0.097, -3.151e-006
-0.098, -3.183e-006
-0.099, -3.207e-006
-0.100, -3.231e-006
-0.101, -3.244e-006
-0.102, -3.299e-006
-0.103, -3.331e-006
-0.104, -3.323e-006
-0.105, -3.348e-006
-0.106, -3.367e-006
-0.107, -3.392e-006
-0.108, -3.412e-006
-0.109, -3.422e-006
-0.110, -3.455e-006
-0.111, -3.478e-006
-0.112, -3.504e-006
-0.113, -3.523e-006
-0.114, -3.539e-006
-0.115, -3.561e-006
-0.116, -3.579e-006
-0.117, -3.607e-006
-0.118, -3.636e-006
-0.119, -3.658e-006
-0.120, -3.668e-006
-0.121, -3.703e-006
-0.122, -3.710e-006
-0.123, -3.739e-006
-0.124, -3.759e-006
-0.125, -3.782e-006
-0.126, -3.805e-006
-0.127, -3.818e-006
-0.128, -3.858e-006
-0.129, -3.871e-006
-0.130, -3.881e-006
-0.131, -3.908e-006
-0.132, -3.925e-006
-0.133, -3.936e-006
-0.134, -3.959e-006
-0.135, -3.969e-006
-0.136, -3.999e-006
-0.137, -4.020e-006
-0.138, -4.030e-006
-0.139, -4.054e-006
-0.140, -4.066e-006
-0.141, -4.078e-006
-0.142, -4.108e-006
-0.143, -4.124e-006
-0.144, -4.143e-006
-0.145, -4.155e-006
-0.146, -4.180e-006
-0.147, -4.188e-006
-0.148, -4.209e-006
-0.149, -4.225e-006
-0.150, -4.246e-006
-0.151, -4.251e-006
-0.152, -4.278e-006
-0.153, -4.297e-006
-0.154, -4.321e-006
-0.155, -4.319e-006
-0.156, -4.337e-006
-0.157, -4.353e-006
-0.158, -4.355e-006
-0.159, -4.375e-006
-0.160, -4.376e-006
-0.161, -4.398e-006
-0.162, -4.412e-006
-0.163, -4.433e-006
-0.164, -4.448e-006
-0.165, -4.438e-006
-0.166, -4.456e-006
-0.167, -4.465e-006
-0.168, -4.481e-006
-0.169, -4.500e-006
-0.170, -4.510e-006
-0.171, -4.520e-006
-0.172, -4.523e-006
-0.173, -4.530e-006
-0.174, -4.541e-006
-0.175, -4.554e-006
-0.176, -4.562e-006
-0.177, -4.579e-006
-0.178, -4.573e-006
-0.179, -4.613e-006
-0.180, -4.615e-006
-0.181, -4.610e-006
-0.182, -4.627e-006
-0.183, -4.627e-006
-0.184, -4.629e-006
-0.185, -4.636e-006
-0.186, -4.646e-006
-0.187, -4.655e-006
-0.188, -4.658e-006
-0.189, -4.679e-006
-0.190, -4.675e-006
-0.191, -4.676e-006
-0.192, -4.668e-006
-0.193, -4.684e-006
-0.194, -4.683e-006
-0.195, -4.697e-006
-0.196, -4.707e-006
-0.197, -4.703e-006
-0.198, -4.704e-006
-0.199, -4.697e-006
-0.200, -4.716e-006
-0.201, -4.714e-006
-0.202, -4.715e-006
-0.203, -4.718e-006
-0.204, -4.732e-006
-0.205, -4.783e-006
-0.206, -4.743e-006
-0.207, -4.731e-006
-0.208, -4.736e-006
-0.209, -4.736e-006
-0.210, -4.732e-006
-0.211, -4.734e-006
-0.212, -4.738e-006
-0.213, -4.733e-006
-0.214, -4.737e-006
-0.215, -4.736e-006
-0.216, -4.738e-006
-0.217, -4.739e-006
-0.218, -4.724e-006
-0.219, -4.728e-006
-0.220, -4.730e-006
-0.221, -4.742e-006
-0.222, -4.730e-006
-0.223, -4.732e-006
-0.224, -4.720e-006
-0.225, -4.728e-006
-0.226, -4.719e-006
-0.227, -4.728e-006
-0.228, -4.735e-006
-0.229, -4.715e-006
-0.230, -4.740e-006
-0.231, -4.733e-006
-0.232, -4.725e-006
-0.233, -4.714e-006
-0.234, -4.708e-006
-0.235, -4.705e-006
-0.236, -4.708e-006
-0.237, -4.691e-006
-0.238, -4.704e-006
-0.239, -4.694e-006
-0.240, -4.701e-006
-0.241, -4.688e-006
-0.242, -4.687e-006
-0.243, -4.676e-006
-0.244, -4.670e-006
-0.245, -4.668e-006
-0.246, -4.672e-006
-0.247, -4.660e-006
-0.248, -4.657e-006
-0.249, -4.650e-006
-0.250, -4.648e-006
-0.251, -4.644e-006
-0.252, -4.643e-006
-0.253, -4.638e-006
-0.254, -4.635e-006
-0.255, -4.629e-006
-0.256, -4.651e-006
-0.257, -4.639e-006
-0.258, -4.614e-006
-0.259, -4.621e-006
-0.260, -4.618e-006
-0.261, -4.606e-006
-0.262, -4.598e-006
-0.263, -4.589e-006
-0.264, -4.583e-006
-0.265, -4.588e-006
-0.266, -4.585e-006
-0.267, -4.578e-006
-0.268, -4.575e-006
-0.269, -4.552e-006
-0.270, -4.567e-006
-0.271, -4.557e-006
-0.272, -4.542e-006
-0.273, -4.545e-006
-0.274, -4.537e-006
-0.275, -4.537e-006
-0.276, -4.529e-006
-0.277, -4.526e-006
-0.278, -4.523e-006
-0.279, -4.517e-006
-0.280, -4.505e-006
-0.281, -4.514e-006
-0.282, -4.523e-006
-0.283, -4.505e-006
-0.284, -4.496e-006
-0.285, -4.490e-006
-0.286, -4.492e-006
-0.287, -4.480e-006
-0.288, -4.470e-006
-0.289, -4.468e-006
-0.290, -4.455e-006
-0.291, -4.466e-006
-0.292, -4.456e-006
-0.293, -4.448e-006
-0.294, -4.434e-006
-0.295, -4.420e-006
-0.296, -4.427e-006
-0.297, -4.426e-006
-0.298, -4.423e-006
-0.299, -4.413e-006
-0.300, -4.410e-006
-0.301, -4.401e-006
-0.302, -4.402e-006
-0.303, -4.382e-006
-0.304, -4.389e-006
-0.305, -4.382e-006
-0.306, -4.385e-006
-0.307, -4.420e-006
-0.308, -4.408e-006
-0.309, -4.363e-006
-0.310, -4.363e-006
-0.311, -4.359e-006
-0.312, -4.339e-006
-0.313, -4.358e-006
-0.314, -4.329e-006
-0.315, -4.336e-006
-0.316, -4.343e-006
-0.317, -4.328e-006
-0.318, -4.328e-006
-0.319, -4.324e-006
-0.320, -4.312e-006
-0.321, -4.305e-006
-0.322, -4.294e-006
-0.323, -4.310e-006
-0.324, -4.303e-006
-0.325, -4.297e-006
-0.326, -4.277e-006
-0.327, -4.286e-006
-0.328, -4.276e-006
-0.329, -4.273e-006
-0.330, -4.279e-006
-0.331, -4.258e-006
-0.332, -4.261e-006
-0.333, -4.288e-006
-0.334, -4.255e-006
-0.335, -4.256e-006
-0.336, -4.255e-006
-0.337, -4.239e-006
-0.338, -4.224e-006
-0.339, -4.245e-006
-0.340, -4.222e-006
-0.341, -4.212e-006
-0.342, -4.231e-006
-0.343, -4.219e-006
-0.344, -4.212e-006
-0.345, -4.221e-006
-0.346, -4.190e-006
-0.347, -4.203e-006
-0.348, -4.199e-006
-0.349, -4.198e-006
-0.350, -4.202e-006
-0.351, -4.186e-006
-0.352, -4.182e-006
-0.353, -4.182e-006
-0.354, -4.178e-006
-0.355, -4.171e-006
-0.356, -4.176e-006
-0.357, -4.169e-006
-0.358, -4.173e-006
-0.359, -4.186e-006
-0.360, -4.169e-006
-0.361, -4.160e-006
-0.362, -4.160e-006
-0.363, -4.155e-006
-0.364, -4.145e-006
-0.365, -4.134e-006
-0.366, -4.146e-006
-0.367, -4.139e-006
-0.368, -4.138e-006
-0.369, -4.135e-006
-0.370, -4.123e-006
-0.371, -4.116e-006
-0.372, -4.114e-006
-0.373, -4.107e-006
-0.374, -4.115e-006
-0.375, -4.119e-006
-0.376, -4.114e-006
-0.377, -4.110e-006
-0.378, -4.095e-006
-0.379, -4.100e-006
-0.380, -4.102e-006
-0.381, -4.094e-006
-0.382, -4.084e-006
-0.383, -4.107e-006
-0.384, -4.112e-006
-0.385, -4.106e-006
-0.386, -4.083e-006
-0.387, -4.076e-006
-0.388, -4.081e-006
-0.389, -4.072e-006
-0.390, -4.077e-006
-0.391, -4.064e-006
-0.392, -4.063e-006
-0.393, -4.062e-006
-0.394, -4.066e-006
-0.395, -4.063e-006
-0.396, -4.057e-006
-0.397, -4.042e-006
-0.398, -4.057e-006
-0.399, -4.048e-006
-0.400, -4.054e-006
-0.401, -4.062e-006
-0.402, -4.036e-006
-0.403, -4.033e-006
-0.404, -4.040e-006
-0.405, -4.031e-006
-0.406, -4.039e-006
-0.407, -4.037e-006
-0.408, -4.032e-006
-0.409, -4.022e-006
-0.410, -3.932e-006
-0.411, -4.016e-006
-0.412, -4.026e-006
-0.413, -4.021e-006
-0.414, -4.019e-006
-0.415, -4.011e-006
-0.416, -4.013e-006
-0.417, -4.015e-006
-0.418, -4.014e-006
-0.419, -4.013e-006
-0.420, -4.022e-006
-0.421, -4.001e-006
-0.422, -4.009e-006
-0.423, -3.995e-006
-0.424, -3.992e-006
-0.425, -4.006e-006
-0.426, -3.996e-006
-0.427, -4.002e-006
-0.428, -4.005e-006
-0.429, -3.975e-006
-0.430, -3.992e-006
-0.431, -3.986e-006
-0.432, -3.993e-006
-0.433, -3.994e-006
-0.434, -3.981e-006
-0.435, -4.007e-006
-0.436, -3.999e-006
-0.437, -3.981e-006
-0.438, -3.985e-006
-0.439, -3.977e-006
-0.440, -3.982e-006
-0.441, -3.985e-006
-0.442, -3.962e-006
-0.443, -3.972e-006
-0.444, -3.980e-006
-0.445, -3.973e-006
-0.446, -3.973e-006
-0.447, -3.988e-006
-0.448, -3.954e-006
-0.449, -3.962e-006
-0.450, -3.970e-006
-0.451, -3.980e-006
-0.452, -3.974e-006
-0.453, -3.963e-006
-0.454, -3.960e-006
-0.455, -3.950e-006
-0.456, -3.955e-006
-0.457, -3.965e-006
-0.458, -3.963e-006
-0.459, -3.965e-006
-0.460, -3.960e-006
-0.461, -3.976e-006
-0.462, -3.947e-006
-0.463, -3.957e-006
-0.464, -3.961e-006
-0.465, -3.963e-006
-0.466, -3.961e-006
-0.467, -3.944e-006
-0.468, -3.946e-006
-0.469, -3.954e-006
-0.470, -3.968e-006
-0.471, -3.959e-006
-0.472, -3.940e-006
-0.473, -3.948e-006
-0.474, -3.936e-006
-0.475, -3.943e-006
-0.476, -3.950e-006
-0.477, -3.953e-006
-0.478, -3.963e-006
-0.479, -3.952e-006
-0.480, -3.945e-006
-0.481, -3.952e-006
-0.482, -3.958e-006
-0.483, -3.956e-006
-0.484, -3.949e-006
-0.485, -3.942e-006
-0.486, -3.960e-006
-0.487, -3.975e-006
-0.488, -3.948e-006
-0.489, -3.955e-006
-0.490, -3.950e-006
-0.491, -3.949e-006
-0.492, -3.944e-006
-0.493, -3.944e-006
-0.494, -3.954e-006
-0.495, -3.951e-006
-0.496, -3.952e-006
-0.497, -3.966e-006
-0.498, -3.950e-006
-0.499, -3.936e-006
-0.500, -3.941e-006
-0.501, -3.943e-006
-0.502, -3.956e-006
-0.503, -3.959e-006
-0.504, -3.944e-006
-0.505, -3.947e-006
-0.506, -3.933e-006
-0.507, -3.947e-006
-0.508, -3.965e-006
-0.509, -3.955e-006
-0.510, -3.961e-006
-0.511, -3.943e-006
-0.512, -4.007e-006
-0.513, -3.983e-006
-0.514, -3.959e-006
-0.515, -3.966e-006
-0.516, -3.965e-006
-0.517, -3.951e-006
-0.518, -3.953e-006
-0.519, -3.945e-006
-0.520, -3.956e-006
-0.521, -3.967e-006
-0.522, -3.966e-006
-0.523, -3.952e-006
-0.524, -3.962e-006
-0.525, -3.940e-006
-0.526, -3.977e-006
-0.527, -3.961e-006
-0.528, -3.975e-006
-0.529, -3.973e-006
-0.530, -3.959e-006
-0.531, -3.971e-006
-0.532, -3.963e-006
-0.533, -3.970e-006
-0.534, -3.978e-006
-0.535, -3.971e-006
-0.536, -3.973e-006
-0.537, -3.973e-006
-0.538, -4.007e-006
-0.539, -3.970e-006
-0.540, -3.979e-006
-0.541, -3.992e-006
-0.542, -3.998e-006
-0.543, -3.985e-006
-0.544, -3.982e-006
-0.545, -3.986e-006
-0.546, -3.971e-006
-0.547, -3.988e-006
-0.548, -3.999e-006
-0.549, -3.992e-006
-0.550, -3.992e-006
-0.551, -3.988e-006
-0.552, -3.989e-006
-0.553, -4.002e-006
-0.554, -3.996e-006
-0.555, -4.009e-006
-0.556, -4.005e-006
-0.557, -3.998e-006
-0.558, -3.994e-006
-0.559, -3.998e-006
-0.560, -4.023e-006
-0.561, -4.016e-006
-0.562, -4.012e-006
-0.563, -4.032e-006
-0.564, -4.025e-006
-0.565, -4.025e-006
-0.566, -4.030e-006
-0.567, -4.017e-006
-0.568, -4.020e-006
-0.569, -4.028e-006
-0.570, -4.015e-006
-0.571, -4.029e-006
-0.572, -4.033e-006
-0.573, -4.033e-006
-0.574, -4.042e-006
-0.575, -4.032e-006
-0.576, -4.029e-006
-0.577, -4.042e-006
-0.578, -4.044e-006
-0.579, -4.048e-006
-0.580, -4.065e-006
-0.581, -4.047e-006
-0.582, -4.055e-006
-0.583, -4.052e-006
-0.584, -4.054e-006
-0.585, -4.067e-006
-0.586, -4.065e-006
-0.587, -4.069e-006
-0.588, -4.068e-006
-0.589, -4.094e-006
-0.590, -4.088e-006
-0.591, -4.076e-006
-0.592, -4.077e-006
-0.593, -4.091e-006
-0.594, -4.076e-006
-0.595, -4.092e-006
-0.596, -4.093e-006
-0.597, -4.092e-006
-0.598, -4.104e-006
-0.599, -4.106e-006
-0.600, -4.106e-006
-0.601, -4.111e-006
-0.602, -4.093e-006
-0.603, -4.118e-006
-0.604, -4.108e-006
-0.605, -4.121e-006
-0.606, -4.120e-006
-0.607, -4.120e-006
-0.608, -4.132e-006
-0.609, -4.131e-006
-0.610, -4.126e-006
-0.611, -4.143e-006
-0.612, -4.155e-006
-0.613, -4.146e-006
-0.614, -4.191e-006
-0.615, -4.197e-006
-0.616, -4.173e-006
-0.617, -4.153e-006
-0.618, -4.180e-006
-0.619, -4.165e-006
-0.620, -4.167e-006
-0.621, -4.176e-006
-0.622, -4.183e-006
-0.623, -4.183e-006
-0.624, -4.208e-006
-0.625, -4.207e-006
-0.626, -4.206e-006
-0.627, -4.200e-006
-0.628, -4.201e-006
-0.629, -4.211e-006
-0.630, -4.217e-006
-0.631, -4.238e-006
-0.632, -4.219e-006
-0.633, -4.235e-006
-0.634, -4.238e-006
-0.635, -4.258e-006
-0.636, -4.254e-006
-0.637, -4.257e-006
-0.638, -4.262e-006
-0.639, -4.260e-006
-0.640, -4.287e-006
-0.641, -4.292e-006
-0.642, -4.272e-006
-0.643, -4.290e-006
-0.644, -4.298e-006
-0.645, -4.292e-006
-0.646, -4.307e-006
-0.647, -4.307e-006
-0.648, -4.301e-006
-0.649, -4.313e-006
-0.650, -4.327e-006
-0.651, -4.343e-006
-0.652, -4.333e-006
-0.653, -4.319e-006
-0.654, -4.350e-006
-0.655, -4.352e-006
-0.656, -4.360e-006
-0.657, -4.368e-006
-0.658, -4.359e-006
-0.659, -4.363e-006
-0.660, -4.383e-006
-0.661, -4.386e-006
-0.662, -4.399e-006
-0.663, -4.409e-006
-0.664, -4.408e-006
-0.665, -4.428e-006
-0.666, -4.454e-006
-0.667, -4.426e-006
-0.668, -4.459e-006
-0.669, -4.449e-006
-0.670, -4.457e-006
-0.671, -4.456e-006
-0.672, -4.446e-006
-0.673, -4.472e-006
-0.674, -4.498e-006
-0.675, -4.504e-006
-0.676, -4.502e-006
-0.677, -4.492e-006
-0.678, -4.508e-006
-0.679, -4.503e-006
-0.680, -4.528e-006
-0.681, -4.531e-006
-0.682, -4.555e-006
-0.683, -4.564e-006
-0.684, -4.558e-006
-0.685, -4.562e-006
-0.686, -4.587e-006
-0.687, -4.586e-006
-0.688, -4.595e-006
-0.689, -4.606e-006
-0.690, -4.616e-006
-0.691, -4.653e-006
-0.692, -4.650e-006
-0.693, -4.638e-006
-0.694, -4.656e-006
-0.695, -4.663e-006
-0.696, -4.665e-006
-0.697, -4.687e-006
-0.698, -4.679e-006
-0.699, -4.702e-006
-0.700, -4.716e-006
-0.701, -4.731e-006
-0.702, -4.747e-006
-0.703, -4.751e-006
-0.704, -4.743e-006
-0.705, -4.756e-006
-0.706, -4.771e-006
-0.707, -4.782e-006
-0.708, -4.797e-006
-0.709, -4.806e-006
-0.710, -4.824e-006
-0.711, -4.820e-006
-0.712, -4.836e-006
-0.713, -4.856e-006
-0.714, -4.872e-006
-0.715, -4.889e-006
-0.716, -4.889e-006
-0.717, -4.985e-006
-0.718, -4.940e-006
-0.719, -4.936e-006
-0.720, -4.937e-006
-0.721, -4.967e-006
-0.722, -4.971e-006
-0.723, -4.976e-006
-0.724, -4.984e-006
-0.725, -5.010e-006
-0.726, -5.028e-006
-0.727, -5.038e-006
-0.728, -5.043e-006
-0.729, -5.058e-006
-0.730, -5.057e-006
-0.731, -5.082e-006
-0.732, -5.101e-006
-0.733, -5.132e-006
-0.734, -5.134e-006
-0.735, -5.164e-006
-0.736, -5.153e-006
-0.737, -5.181e-006
-0.738, -5.208e-006
-0.739, -5.213e-006
-0.740, -5.221e-006
-0.741, -5.250e-006
-0.742, -5.280e-006
-0.743, -5.304e-006
-0.744, -5.285e-006
-0.745, -5.306e-006
-0.746, -5.329e-006
-0.747, -5.327e-006
-0.748, -5.358e-006
-0.749, -5.362e-006
-0.750, -5.389e-006
-0.751, -5.412e-006
-0.752, -5.427e-006
-0.753, -5.456e-006
-0.754, -5.455e-006
-0.755, -5.469e-006
-0.756, -5.476e-006
-0.757, -5.522e-006
-0.758, -5.557e-006
-0.759, -5.569e-006
-0.760, -5.562e-006
-0.761, -5.600e-006
-0.762, -5.617e-006
-0.763, -5.628e-006
-0.764, -5.654e-006
-0.765, -5.675e-006
-0.766, -5.697e-006
-0.767, -5.713e-006
-0.768, -5.769e-006
-0.769, -5.779e-006
-0.770, -5.791e-006
-0.771, -5.806e-006
-0.772, -5.833e-006
-0.773, -5.854e-006
-0.774, -5.881e-006
-0.775, -5.880e-006
-0.776, -5.916e-006
-0.777, -5.946e-006
-0.778, -5.966e-006
-0.779, -5.990e-006
-0.780, -6.032e-006
-0.781, -6.018e-006
-0.782, -6.064e-006
-0.783, -6.092e-006
-0.784, -6.117e-006
-0.785, -6.147e-006
-0.786, -6.191e-006
-0.787, -6.188e-006
-0.788, -6.215e-006
-0.789, -6.248e-006
-0.790, -6.293e-006
-0.791, -6.323e-006
-0.792, -6.336e-006
-0.793, -6.372e-006
-0.794, -6.431e-006
-0.795, -6.433e-006
-0.796, -6.453e-006
-0.797, -6.486e-006
-0.798, -6.517e-006
-0.799, -6.536e-006
-0.800, -5.598e-006
-0.799, -2.614e-006
-0.798, -1.759e-006
-0.797, -1.468e-006
-0.796, -1.248e-006
-0.795, -1.097e-006
-0.794, -9.523e-007
-0.793, -7.778e-007
-0.792, -6.990e-007
-0.791, -6.003e-007
-0.790, -5.140e-007
-0.789, -4.337e-007
-0.788, -3.525e-007
-0.787, -3.008e-007
-0.786, -2.275e-007
-0.785, -1.534e-007
-0.784, -1.029e-007
-0.783, -4.108e-008
-0.782, +1.332e-009
-0.781, +4.218e-008
-0.780, +8.586e-008
-0.779, +1.369e-007
-0.778, +1.911e-007
-0.777, +2.104e-007
-0.776, +2.513e-007
-0.775, +2.878e-007
-0.774, +3.048e-007
-0.773, +3.483e-007
-0.772, +3.997e-007
-0.771, +4.059e-007
-0.770, +4.380e-007
-0.769, +4.728e-007
-0.768, +5.135e-007
-0.767, +5.538e-007
-0.766, +5.553e-007
-0.765, +5.743e-007
-0.764, +6.039e-007
-0.763, +6.068e-007
-0.762, +6.372e-007
-0.761, +6.451e-007
-0.760, +6.701e-007
-0.759, +7.108e-007
-0.758, +7.155e-007
-0.757, +7.211e-007
-0.756, +7.395e-007
-0.755, +7.451e-007
-0.754, +7.816e-007
-0.753, +7.922e-007
-0.752, +7.979e-007
-0.751, +8.137e-007
-0.750, +8.302e-007
-0.749, +8.347e-007
-0.748, +8.446e-007
-0.747, +8.622e-007
-0.746, +8.824e-007
-0.745, +9.075e-007
-0.744, +9.033e-007
-0.743, +9.274e-007
-0.742, +9.531e-007
-0.741, +9.425e-007
-0.740, +9.717e-007
-0.739, +9.603e-007
-0.738, +9.791e-007
-0.737, +9.726e-007
-0.736, +9.711e-007
-0.735, +9.753e-007
-0.734, +9.857e-007
-0.733, +1.008e-006
-0.732, +1.021e-006
-0.731, +1.016e-006
-0.730, +1.025e-006
-0.729, +1.028e-006
-0.728, +1.037e-006
-0.727, +1.060e-006
-0.726, +1.071e-006
-0.725, +1.082e-006
-0.724, +1.064e-006
-0.723, +1.059e-006
-0.722, +1.095e-006
-0.721, +1.104e-006
-0.720, +1.091e-006
-0.719, +1.103e-006
-0.718, +1.106e-006
-0.717, +1.153e-006
-0.716, +1.166e-006
-0.715, +1.125e-006
-0.714, +1.127e-006
-0.713, +1.143e-006
-0.712, +1.139e-006
-0.711, +1.155e-006
-0.710, +1.142e-006
-0.709, +1.153e-006
-0.708, +1.155e-006
-0.707, +1.173e-006
-0.706, +1.176e-006
-0.705, +1.165e-006
-0.704, +1.176e-006
-0.703, +1.169e-006
-0.702, +1.177e-006
-0.701, +1.182e-006
-0.700, +1.194e-006
-0.699, +1.186e-006
-0.698, +1.198e-006
-0.697, +1.189e-006
-0.696, +1.200e-006
-0.695, +1.209e-006
-0.694, +1.203e-006
-0.693, +1.213e-006
-0.692, +1.222e-006
-0.691, +1.243e-006
-0.690, +1.233e-006
-0.689, +1.214e-006
-0.688, +1.231e-006
-0.687, +1.252e-006
-0.686, +1.242e-006
-0.685, +1.239e-006
-0.684, +1.239e-006
-0.683, +1.236e-006
-0.682, +1.247e-006
-0.681, +1.242e-006
-0.680, +1.256e-006
-0.679, +1.253e-006
-0.678, +1.241e-006
-0.677, +1.251e-006
-0.676, +1.266e-006
-0.675, +1.270e-006
-0.674, +1.271e-006
-0.673, +1.259e-006
-0.672, +1.261e-006
-0.671, +1.267e-006
-0.670, +1.273e-006
-0.669, +1.275e-006
-0.668, +1.276e-006
-0.667, +1.286e-006
-0.666, +1.290e-006
-0.665, +1.309e-006
-0.664, +1.274e-006
-0.663, +1.297e-006
-0.662, +1.294e-006
-0.661, +1.287e-006
-0.660, +1.294e-006
-0.659, +1.287e-006
-0.658, +1.300e-006
-0.657, +1.293e-006
-0.656, +1.303e-006
-0.655, +1.300e-006
-0.654, +1.300e-006
-0.653, +1.297e-006
-0.652, +1.293e-006
-0.651, +1.315e-006
-0.650, +1.305e-006
-0.649, +1.309e-006
-0.648, +1.308e-006
-0.647, +1.322e-006
-0.646, +1.313e-006
-0.645, +1.303e-006
-0.644, +1.315e-006
-0.643, +1.327e-006
-0.642, +1.327e-006
-0.641, +1.325e-006
-0.640, +1.350e-006
-0.639, +1.331e-006
-0.638, +1.329e-006
-0.637, +1.332e-006
-0.636, +1.330e-006
-0.635, +1.334e-006
-0.634, +1.322e-006
-0.633, +1.323e-006
-0.632, +1.334e-006
-0.631, +1.336e-006
-0.630, +1.347e-006
-0.629, +1.341e-006
-0.628, +1.349e-006
-0.627, +1.315e-006
-0.626, +1.336e-006
-0.625, +1.347e-006
-0.624, +1.353e-006
-0.623, +1.337e-006
-0.622, +1.335e-006
-0.621, +1.356e-006
-0.620, +1.345e-006
-0.619, +1.338e-006
-0.618, +1.352e-006
-0.617, +1.350e-006
-0.616, +1.347e-006
-0.615, +1.357e-006
-0.614, +1.419e-006
-0.613, +1.373e-006
-0.612, +1.347e-006
-0.611, +1.361e-006
-0.610, +1.367e-006
-0.609, +1.361e-006
-0.608, +1.341e-006
-0.607, +1.363e-006
-0.606, +1.345e-006
-0.605, +1.376e-006
-0.604, +1.379e-006
-0.603, +1.355e-006
-0.602, +1.369e-006
-0.601, +1.357e-006
-0.600, +1.366e-006
-0.599, +1.375e-006
-0.598, +1.365e-006
-0.597, +1.364e-006
-0.596, +1.374e-006
-0.595, +1.369e-006
-0.594, +1.374e-006
-0.593, +1.374e-006
-0.592, +1.381e-006
-0.591, +1.384e-006
-0.590, +1.364e-006
-0.589, +1.387e-006
-0.588, +1.406e-006
-0.587, +1.382e-006
-0.586, +1.381e-006
-0.585, +1.387e-006
-0.584, +1.374e-006
-0.583, +1.388e-006
-0.582, +1.385e-006
-0.581, +1.376e-006
-0.580, +1.385e-006
-0.579, +1.386e-006
-0.578, +1.384e-006
-0.577, +1.395e-006
-0.576, +1.384e-006
-0.575, +1.376e-006
-0.574, +1.385e-006
-0.573, +1.384e-006
-0.572, +1.398e-006
-0.571, +1.390e-006
-0.570, +1.406e-006
-0.569, +1.386e-006
-0.568, +1.394e-006
-0.567, +1.400e-006
-0.566, +1.405e-006
-0.565, +1.403e-006
-0.564, +1.409e-006
-0.563, +1.418e-006
-0.562, +1.417e-006
-0.561, +1.400e-006
-0.560, +1.397e-006
-0.559, +1.405e-006
-0.558, +1.396e-006
-0.557, +1.400e-006
-0.556, +1.406e-006
-0.555, +1.418e-006
-0.554, +1.408e-006
-0.553, +1.423e-006
-0.552, +1.408e-006
-0.551, +1.406e-006
-0.550, +1.397e-006
-0.549, +1.420e-006
-0.548, +1.403e-006
-0.547, +1.415e-006
-0.546, +1.413e-006
-0.545, +1.412e-006
-0.544, +1.420e-006
-0.543, +1.418e-006
-0.542, +1.403e-006
-0.541, +1.425e-006
-0.540, +1.435e-006
-0.539, +1.408e-006
-0.538, +1.432e-006
-0.537, +1.449e-006
-0.536, +1.427e-006
-0.535, +1.438e-006
-0.534, +1.431e-006
-0.533, +1.433e-006
-0.532, +1.431e-006
-0.531, +1.418e-006
-0.530, +1.427e-006
-0.529, +1.435e-006
-0.528, +1.434e-006
-0.527, +1.438e-006
-0.526, +1.441e-006
-0.525, +1.414e-006
-0.524, +1.428e-006
-0.523, +1.435e-006
-0.522, +1.438e-006
-0.521, +1.446e-006
-0.520, +1.430e-006
-0.519, +1.438e-006
-0.518, +1.433e-006
-0.517, +1.432e-006
-0.516, +1.446e-006
-0.515, +1.437e-006
-0.514, +1.449e-006
-0.513, +1.438e-006
-0.512, +1.496e-006
-0.511, +1.479e-006
-0.510, +1.445e-006
-0.509, +1.450e-006
-0.508, +1.449e-006
-0.507, +1.445e-006
-0.506, +1.454e-006
-0.505, +1.452e-006
-0.504, +1.460e-006
-0.503, +1.461e-006
-0.502, +1.447e-006
-0.501, +1.462e-006
-0.500, +1.466e-006
-0.499, +1.427e-006
-0.498, +1.463e-006
-0.497, +1.460e-006
-0.496, +1.465e-006
-0.495, +1.460e-006
-0.494, +1.465e-006
-0.493, +1.460e-006
-0.492, +1.449e-006
-0.491, +1.462e-006
-0.490, +1.472e-006
-0.489, +1.468e-006
-0.488, +1.470e-006
-0.487, +1.467e-006
-0.486, +1.493e-006
-0.485, +1.475e-006
-0.484, +1.476e-006
-0.483, +1.485e-006
-0.482, +1.481e-006
-0.481, +1.470e-006
-0.480, +1.470e-006
-0.479, +1.479e-006
-0.478, +1.474e-006
-0.477, +1.482e-006
-0.476, +1.473e-006
-0.475, +1.486e-006
-0.474, +1.488e-006
-0.473, +1.470e-006
-0.472, +1.474e-006
-0.471, +1.487e-006
-0.470, +1.486e-006
-0.469, +1.485e-006
-0.468, +1.486e-006
-0.467, +1.483e-006
-0.466, +1.487e-006
-0.465, +1.481e-006
-0.464, +1.488e-006
-0.463, +1.499e-006
-0.462, +1.489e-006
-0.461, +1.507e-006
-0.460, +1.517e-006
-0.459, +1.497e-006
-0.458, +1.506e-006
-0.457, +1.510e-006
-0.456, +1.491e-006
-0.455, +1.519e-006
-0.454, +1.482e-006
-0.453, +1.503e-006
-0.452, +1.499e-006
-0.451, +1.522e-006
-0.450, +1.512e-006
-0.449, +1.502e-006
-0.448, +1.486e-006
-0.447, +1.506e-006
-0.446, +1.508e-006
-0.445, +1.520e-006
-0.444, +1.519e-006
-0.443, +1.501e-006
-0.442, +1.526e-006
-0.441, +1.514e-006
-0.440, +1.511e-006
-0.439, +1.525e-006
-0.438, +1.521e-006
-0.437, +1.530e-006
-0.436, +1.524e-006
-0.435, +1.551e-006
-0.434, +1.538e-006
-0.433, +1.530e-006
-0.432, +1.532e-006
-0.431, +1.532e-006
-0.430, +1.526e-006
-0.429, +1.533e-006
-0.428, +1.536e-006
-0.427, +1.537e-006
-0.426, +1.541e-006
-0.425, +1.531e-006
-0.424, +1.544e-006
-0.423, +1.540e-006
-0.422, +1.528e-006
-0.421, +1.531e-006
-0.420, +1.555e-006
-0.419, +1.536e-006
-0.418, +1.538e-006
-0.417, +1.547e-006
-0.416, +1.534e-006
-0.415, +1.549e-006
-0.414, +1.537e-006
-0.413, +1.558e-006
-0.412, +1.554e-006
-0.411, +1.556e-006
-0.410, +1.540e-006
-0.409, +1.477e-006
-0.408, +1.540e-006
-0.407, +1.555e-006
-0.406, +1.562e-006
-0.405, +1.559e-006
-0.404, +1.564e-006
-0.403, +1.550e-006
-0.402, +1.564e-006
-0.401, +1.569e-006
-0.400, +1.568e-006
-0.399, +1.575e-006
-0.398, +1.570e-006
-0.397, +1.567e-006
-0.396, +1.569e-006
-0.395, +1.565e-006
-0.394, +1.574e-006
-0.393, +1.575e-006
-0.392, +1.574e-006
-0.391, +1.576e-006
-0.390, +1.569e-006
-0.389, +1.589e-006
-0.388, +1.575e-006
-0.387, +1.578e-006
-0.386, +1.586e-006
-0.385, +1.584e-006
-0.384, +1.603e-006
-0.383, +1.609e-006
-0.382, +1.591e-006
-0.381, +1.593e-006
-0.380, +1.598e-006
-0.379, +1.587e-006
-0.378, +1.593e-006
-0.377, +1.585e-006
-0.376, +1.578e-006
-0.375, +1.605e-006
-0.374, +1.598e-006
-0.373, +1.595e-006
-0.372, +1.612e-006
-0.371, +1.581e-006
-0.370, +1.597e-006
-0.369, +1.608e-006
-0.368, +1.603e-006
-0.367, +1.613e-006
-0.366, +1.608e-006
-0.365, +1.613e-006
-0.364, +1.606e-006
-0.363, +1.605e-006
-0.362, +1.613e-006
-0.361, +1.620e-006
-0.360, +1.615e-006
-0.359, +1.624e-006
-0.358, +1.641e-006
-0.357, +1.619e-006
-0.356, +1.625e-006
-0.355, +1.626e-006
-0.354, +1.628e-006
-0.353, +1.626e-006
-0.352, +1.616e-006
-0.351, +1.625e-006
-0.350, +1.628e-006
-0.349, +1.634e-006
-0.348, +1.637e-006
-0.347, +1.627e-006
-0.346, +1.624e-006
-0.345, +1.630e-006
-0.344, +1.642e-006
-0.343, +1.640e-006
-0.342, +1.634e-006
-0.341, +1.639e-006
-0.340, +1.648e-006
-0.339, +1.635e-006
-0.338, +1.645e-006
-0.337, +1.645e-006
-0.336, +1.652e-006
-0.335, +1.654e-006
-0.334, +1.645e-006
-0.333, +1.662e-006
-0.332, +1.666e-006
-0.331, +1.656e-006
-0.330, +1.669e-006
-0.329, +1.657e-006
-0.328, +1.650e-006
-0.327, +1.661e-006
-0.326, +1.658e-006
-0.325, +1.669e-006
-0.324, +1.658e-006
-0.323, +1.662e-006
-0.322, +1.673e-006
-0.321, +1.665e-006
-0.320, +1.657e-006
-0.319, +1.664e-006
-0.318, +1.672e-006
-0.317, +1.671e-006
-0.316, +1.689e-006
-0.315, +1.667e-006
-0.314, +1.676e-006
-0.313, +1.674e-006
-0.312, +1.671e-006
-0.311, +1.693e-006
-0.310, +1.692e-006
-0.309, +1.690e-006
-0.308, +1.691e-006
-0.307, +1.745e-006
-0.306, +1.719e-006
-0.305, +1.691e-006
-0.304, +1.696e-006
-0.303, +1.713e-006
-0.302, +1.699e-006
-0.301, +1.695e-006
-0.300, +1.699e-006
-0.299, +1.697e-006
-0.298, +1.725e-006
-0.297, +1.714e-006
-0.296, +1.713e-006
-0.295, +1.712e-006
-0.294, +1.702e-006
-0.293, +1.721e-006
-0.292, +1.722e-006
-0.291, +1.729e-006
-0.290, +1.722e-006
-0.289, +1.735e-006
-0.288, +1.723e-006
-0.287, +1.718e-006
-0.286, +1.732e-006
-0.285, +1.741e-006
-0.284, +1.747e-006
-0.283, +1.738e-006
-0.282, +1.752e-006
-0.281, +1.770e-006
-0.280, +1.756e-006
-0.279, +1.744e-006
-0.278, +1.751e-006
-0.277, +1.758e-006
-0.276, +1.761e-006
-0.275, +1.759e-006
-0.274, +1.760e-006
-0.273, +1.767e-006
-0.272, +1.759e-006
-0.271, +1.776e-006
-0.270, +1.775e-006
-0.269, +1.779e-006
-0.268, +1.772e-006
-0.267, +1.779e-006
-0.266, +1.789e-006
-0.265, +1.788e-006
-0.264, +1.789e-006
-0.263, +1.800e-006
-0.262, +1.792e-006
-0.261, +1.809e-006
-0.260, +1.807e-006
-0.259, +1.814e-006
-0.258, +1.816e-006
-0.257, +1.819e-006
-0.256, +1.834e-006
-0.255, +1.832e-006
-0.254, +1.817e-006
-0.253, +1.835e-006
-0.252, +1.838e-006
-0.251, +1.845e-006
-0.250, +1.846e-006
-0.249, +1.835e-006
-0.248, +1.837e-006
-0.247, +1.861e-006
-0.246, +1.867e-006
-0.245, +1.872e-006
-0.244, +1.865e-006
-0.243, +1.857e-006
-0.242, +1.883e-006
-0.241, +1.881e-006
-0.240, +1.892e-006
-0.239, +1.893e-006
-0.238, +1.895e-006
-0.237, +1.893e-006
-0.236, +1.909e-006
-0.235, +1.904e-006
-0.234, +1.915e-006
-0.233, +1.926e-006
-0.232, +1.927e-006
-0.231, +1.928e-006
-0.230, +1.961e-006
-0.229, +1.948e-006
-0.228, +1.948e-006
-0.227, +1.951e-006
-0.226, +1.964e-006
-0.225, +1.963e-006
-0.224, +1.971e-006
-0.223, +1.972e-006
-0.222, +1.983e-006
-0.221, +1.997e-006
-0.220, +2.016e-006
-0.219, +2.009e-006
-0.218, +2.004e-006
-0.217, +2.013e-006
-0.216, +2.027e-006
-0.215, +2.038e-006
-0.214, +2.043e-006
-0.213, +2.043e-006
-0.212, +2.061e-006
-0.211, +2.059e-006
-0.210, +2.074e-006
-0.209, +2.072e-006
-0.208, +2.088e-006
-0.207, +2.105e-006
-0.206, +2.107e-006
-0.205, +2.141e-006
-0.204, +2.158e-006
-0.203, +2.126e-006
-0.202, +2.139e-006
-0.201, +2.152e-006
-0.200, +2.153e-006
-0.199, +2.162e-006
-0.198, +2.162e-006
-0.197, +2.176e-006
-0.196, +2.197e-006
-0.195, +2.211e-006
-0.194, +2.209e-006
-0.193, +2.213e-006
-0.192, +2.220e-006
-0.191, +2.237e-006
-0.190, +2.241e-006
-0.189, +2.253e-006
-0.188, +2.270e-006
-0.187, +2.274e-006
-0.186, +2.288e-006
-0.185, +2.294e-006
-0.184, +2.300e-006
-0.183, +2.319e-006
-0.182, +2.318e-006
-0.181, +2.344e-006
-0.180, +2.345e-006
-0.179, +2.375e-006
-0.178, +2.369e-006
-0.177, +2.385e-006
-0.176, +2.387e-006
-0.175, +2.400e-006
-0.174, +2.402e-006
-0.173, +2.416e-006
-0.172, +2.430e-006
-0.171, +2.429e-006
-0.170, +2.455e-006
-0.169, +2.475e-006
-0.168, +2.461e-006
-0.167, +2.476e-006
-0.166, +2.473e-006
-0.165, +2.502e-006
-0.164, +2.516e-006
-0.163, +2.529e-006
-0.162, +2.536e-006
-0.161, +2.543e-006
-0.160, +2.553e-006
-0.159, +2.557e-006
-0.158, +2.572e-006
-0.157, +2.585e-006
-0.156, +2.602e-006
-0.155, +2.603e-006
-0.154, +2.621e-006
-0.153, +2.644e-006
-0.152, +2.636e-006
-0.151, +2.649e-006
-0.150, +2.646e-006
-0.149, +2.668e-006
-0.148, +2.664e-006
-0.147, +2.671e-006
-0.146, +2.693e-006
-0.145, +2.697e-006
-0.144, +2.713e-006
-0.143, +2.724e-006
-0.142, +2.725e-006
-0.141, +2.731e-006
-0.140, +2.737e-006
-0.139, +2.745e-006
-0.138, +2.754e-006
-0.137, +2.760e-006
-0.136, +2.763e-006
-0.135, +2.789e-006
-0.134, +2.777e-006
-0.133, +2.780e-006
-0.132, +2.797e-006
-0.131, +2.794e-006
-0.130, +2.806e-006
-0.129, +2.809e-006
-0.128, +2.831e-006
-0.127, +2.838e-006
-0.126, +2.838e-006
-0.125, +2.840e-006
-0.124, +2.845e-006
-0.123, +2.840e-006
-0.122, +2.849e-006
-0.121, +2.847e-006
-0.120, +2.845e-006
-0.119, +2.863e-006
-0.118, +2.867e-006
-0.117, +2.860e-006
-0.116, +2.875e-006
-0.115, +2.854e-006
-0.114, +2.868e-006
-0.113, +2.868e-006
-0.112, +2.882e-006
-0.111, +2.881e-006
-0.110, +2.868e-006
-0.109, +2.875e-006
-0.108, +2.878e-006
-0.107, +2.881e-006
-0.106, +2.890e-006
-0.105, +2.889e-006
-0.104, +2.876e-006
-0.103, +2.898e-006
-0.102, +2.930e-006
-0.101, +2.899e-006
-0.100, +2.890e-006
-0.099, +2.885e-006
-0.098, +2.883e-006
-0.097, +2.874e-006
-0.096, +2.873e-006
-0.095, +2.871e-006
-0.094, +2.869e-006
-0.093, +2.877e-006
-0.092, +2.881e-006
-0.091, +2.871e-006
-0.090, +2.866e-006
-0.089, +2.862e-006
-0.088, +2.861e-006
-0.087, +2.869e-006
-0.086, +2.872e-006
-0.085, +2.867e-006
-0.084, +2.862e-006
-0.083, +2.854e-006
-0.082, +2.850e-006
-0.081, +2.844e-006
-0.080, +2.846e-006
-0.079, +2.845e-006
-0.078, +2.840e-006
-0.077, +2.846e-006
-0.076, +2.855e-006
-0.075, +2.833e-006
-0.074, +2.831e-006
-0.073, +2.829e-006
-0.072, +2.815e-006
-0.071, +2.826e-006
-0.070, +2.813e-006
-0.069, +2.812e-006
-0.068, +2.817e-006
-0.067, +2.806e-006
-0.066, +2.806e-006
-0.065, +2.804e-006
-0.064, +2.782e-006
-0.063, +2.788e-006
-0.062, +2.802e-006
-0.061, +2.795e-006
-0.060, +2.783e-006
-0.059, +2.783e-006
-0.058, +2.774e-006
-0.057, +2.764e-006
-0.056, +2.764e-006
-0.055, +2.771e-006
-0.054, +2.767e-006
-0.053, +2.752e-006
-0.052, +2.749e-006
-0.051, +2.765e-006
-0.050, +2.758e-006
-0.049, +2.739e-006
-0.048, +2.734e-006
-0.047, +2.727e-006
-0.046, +2.723e-006
-0.045, +2.731e-006
-0.044, +2.714e-006
-0.043, +2.711e-006
-0.042, +2.719e-006
-0.041, +2.710e-006
-0.040, +2.714e-006
-0.039, +2.708e-006
-0.038, +2.687e-006
-0.037, +2.686e-006
-0.036, +2.682e-006
-0.035, +2.700e-006
-0.034, +2.681e-006
-0.033, +2.677e-006
-0.032, +2.679e-006
-0.031, +2.677e-006
-0.030, +2.664e-006
-0.029, +2.672e-006
-0.028, +2.663e-006
-0.027, +2.661e-006
-0.026, +2.662e-006
-0.025, +2.668e-006
-0.024, +2.650e-006
-0.023, +2.648e-006
-0.022, +2.643e-006
-0.021, +2.643e-006
-0.020, +2.634e-006
-0.019, +2.623e-006
-0.018, +2.625e-006
-0.017, +2.616e-006
-0.016, +2.620e-006
-0.015, +2.611e-006
-0.014, +2.610e-006
-0.013, +2.607e-006
-0.012, +2.596e-006
-0.011, +2.599e-006
-0.010, +2.594e-006
-0.009, +2.595e-006
-0.008, +2.596e-006
-0.007, +2.585e-006
-0.006, +2.575e-006
-0.005, +2.575e-006
-0.004, +2.583e-006
-0.003, +2.578e-006
-0.002, +2.571e-006
-0.001, +2.563e-006
-0.000, +2.480e-006
0.001, +2.522e-006
0.002, +2.548e-006
0.003, +2.562e-006
0.004, +2.558e-006
0.005, +2.545e-006
0.006, +2.547e-006
0.007, +2.539e-006
0.008, +2.539e-006
0.009, +2.539e-006
0.010, +2.541e-006
0.011, +2.525e-006
0.012, +2.523e-006
0.013, +2.515e-006
0.014, +2.516e-006
0.015, +2.510e-006
0.016, +2.518e-006
0.017, +2.522e-006
0.018, +2.502e-006
0.019, +2.510e-006
0.020, +2.502e-006
0.021, +2.495e-006
0.022, +2.494e-006
0.023, +2.495e-006
0.024, +2.493e-006
0.025, +2.491e-006
0.026, +2.503e-006
0.027, +2.486e-006
0.028, +2.488e-006
0.029, +2.478e-006
0.030, +2.469e-006
0.031, +2.472e-006
0.032, +2.470e-006
0.033, +2.469e-006
0.034, +2.459e-006
0.035, +2.461e-006
0.036, +2.457e-006
0.037, +2.445e-006
0.038, +2.451e-006
0.039, +2.437e-006
0.040, +2.441e-006
0.041, +2.447e-006
0.042, +2.453e-006
0.043, +2.444e-006
0.044, +2.437e-006
0.045, +2.425e-006
0.046, +2.437e-006
0.047, +2.429e-006
0.048, +2.428e-006
0.049, +2.428e-006
0.050, +2.421e-006
0.051, +2.423e-006
0.052, +2.424e-006
0.053, +2.418e-006
0.054, +2.414e-006
0.055, +2.405e-006
0.056, +2.403e-006
0.057, +2.407e-006
0.058, +2.401e-006
0.059, +2.404e-006
0.060, +2.401e-006
0.061, +2.394e-006
0.062, +2.400e-006
0.063, +2.391e-006
0.064, +2.384e-006
0.065, +2.385e-006
0.066, +2.376e-006
0.067, +2.380e-006
0.068, +2.387e-006
0.069, +2.376e-006
0.070, +2.379e-006
0.071, +2.370e-006
0.072, +2.366e-006
0.073, +2.375e-006
0.074, +2.376e-006
0.075, +2.366e-006
0.076, +2.365e-006
0.077, +2.377e-006
0.078, +2.370e-006
0.079, +2.358e-006
0.080, +2.366e-006
0.081, +2.355e-006
0.082, +2.354e-006
0.083, +2.348e-006
0.084, +2.347e-006
0.085, +2.346e-006
0.086, +2.348e-006
0.087, +2.350e-006
0.088, +2.339e-006
0.089, +2.342e-006
0.090, +2.323e-006
0.091, +2.335e-006
0.092, +2.334e-006
0.093, +2.334e-006
0.094, +2.331e-006
0.095, +2.331e-006
0.096, +2.320e-006
0.097, +2.318e-006
0.098, +2.320e-006
0.099, +2.325e-006
0.100, +2.322e-006
0.101, +2.314e-006
0.102, +2.328e-006
0.103, +2.351e-006
0.104, +2.316e-006
0.105, +2.320e-006
0.106, +2.320e-006
0.107, +2.314e-006
0.108, +2.305e-006
0.109, +2.298e-006
0.110, +2.297e-006
0.111, +2.301e-006
0.112, +2.303e-006
0.113, +2.307e-006
0.114, +2.299e-006
0.115, +2.300e-006
0.116, +2.296e-006
0.117, +2.296e-006
0.118, +2.303e-006
0.119, +2.299e-006
0.120, +2.292e-006
0.121, +2.297e-006
0.122, +2.286e-006
0.123, +2.286e-006
0.124, +2.294e-006
0.125, +2.284e-006
0.126, +2.283e-006
0.127, +2.289e-006
0.128, +2.302e-006
0.129, +2.294e-006
0.130, +2.278e-006
0.131, +2.290e-006
0.132, +2.288e-006
0.133, +2.277e-006
0.134, +2.280e-006
0.135, +2.271e-006
0.136, +2.276e-006
0.137, +2.276e-006
0.138, +2.276e-006
0.139, +2.274e-006
0.140, +2.278e-006
0.141, +2.257e-006
0.142, +2.267e-006
0.143, +2.267e-006
0.144, +2.273e-006
0.145, +2.267e-006
0.146, +2.266e-006
0.147, +2.258e-006
0.148, +2.259e-006
0.149, +2.257e-006
0.150, +2.258e-006
0.151, +2.265e-006
0.152, +2.260e-006
0.153, +2.265e-006
0.154, +2.266e-006
0.155, +2.255e-006
0.156, +2.256e-006
0.157, +2.255e-006
0.158, +2.256e-006
0.159, +2.250e-006
0.160, +2.244e-006
0.161, +2.255e-006
0.162, +2.248e-006
0.163, +2.253e-006
0.164, +2.257e-006
0.165, +2.247e-006
0.166, +2.252e-006
0.167, +2.240e-006
0.168, +2.244e-006
0.169, +2.253e-006
0.170, +2.241e-006
0.171, +2.247e-006
0.172, +2.244e-006
0.173, +2.234e-006
0.174, +2.245e-006
0.175, +2.239e-006
0.176, +2.243e-006
0.177, +2.245e-006
0.178, +2.238e-006
0.179, +2.251e-006
0.180, +2.246e-006
0.181, +2.237e-006
0.182, +2.238e-006
0.183, +2.236e-006
0.184, +2.237e-006
0.185, +2.234e-006
0.186, +2.228e-006
0.187, +2.232e-006
0.188, +2.232e-006
0.189, +2.234e-006
0.190, +2.236e-006
0.191, +2.230e-006
0.192, +2.225e-006
0.193, +2.227e-006
0.194, +2.224e-006
0.195, +2.228e-006
0.196, +2.226e-006
0.197, +2.231e-006
0.198, +2.229e-006
0.199, +2.227e-006
0.200, +2.224e-006
0.201, +2.230e-006
0.202, +2.231e-006
0.203, +2.228e-006
0.204, +2.223e-006
0.205, +2.262e-006
0.206, +2.233e-006
0.207, +2.223e-006
0.208, +2.226e-006
0.209, +2.229e-006
0.210, +2.224e-006
0.211, +2.221e-006
0.212, +2.221e-006
0.213, +2.222e-006
0.214, +2.222e-006
0.215, +2.228e-006
0.216, +2.225e-006
0.217, +2.220e-006
0.218, +2.208e-006
0.219, +2.220e-006
0.220, +2.216e-006
0.221, +2.221e-006
0.222, +2.225e-006
0.223, +2.218e-006
0.224, +2.210e-006
0.225, +2.219e-006
0.226, +2.216e-006
0.227, +2.217e-006
0.228, +2.223e-006
0.229, +2.216e-006
0.230, +2.224e-006
0.231, +2.225e-006
0.232, +2.219e-006
0.233, +2.219e-006
0.234, +2.215e-006
0.235, +2.219e-006
0.236, +2.211e-006
0.237, +2.205e-006
0.238, +2.216e-006
0.239, +2.211e-006
0.240, +2.213e-006
0.241, +2.214e-006
0.242, +2.211e-006
0.243, +2.212e-006
0.244, +2.207e-006
0.245, +2.212e-006
0.246, +2.222e-006
0.247, +2.219e-006
0.248, +2.211e-006
0.249, +2.212e-006
0.250, +2.208e-006
0.251, +2.212e-006
0.252, +2.215e-006
0.253, +2.214e-006
0.254, +2.218e-006
0.255, +2.217e-006
0.256, +2.225e-006
0.257, +2.218e-006
0.258, +2.214e-006
0.259, +2.211e-006
0.260, +2.215e-006
0.261, +2.209e-006
0.262, +2.215e-006
0.263, +2.210e-006
0.264, +2.210e-006
0.265, +2.218e-006
0.266, +2.216e-006
0.267, +2.212e-006
0.268, +2.211e-006
0.269, +2.202e-006
0.270, +2.206e-006
0.271, +2.213e-006
0.272, +2.216e-006
0.273, +2.214e-006
0.274, +2.209e-006
0.275, +2.212e-006
0.276, +2.206e-006
0.277, +2.209e-006
0.278, +2.218e-006
0.279, +2.216e-006
0.280, +2.216e-006
0.281, +2.218e-006
0.282, +2.227e-006
0.283, +2.220e-006
0.284, +2.221e-006
0.285, +2.219e-006
0.286, +2.217e-006
0.287, +2.215e-006
0.288, +2.215e-006
0.289, +2.215e-006
0.290, +2.211e-006
0.291, +2.221e-006
0.292, +2.219e-006
0.293, +2.218e-006
0.294, +2.220e-006
0.295, +2.210e-006
0.296, +2.213e-006
0.297, +2.222e-006
0.298, +2.219e-006
0.299, +2.217e-006
0.300, +2.214e-006
0.301, +2.220e-006
0.302, +2.216e-006
0.303, +2.216e-006
0.304, +2.222e-006
0.305, +2.223e-006
0.306, +2.214e-006
0.307, +2.240e-006
0.308, +2.247e-006
0.309, +2.214e-006
0.310, +2.226e-006
0.311, +2.228e-006
0.312, +2.216e-006
0.313, +2.228e-006
0.314, +2.219e-006
0.315, +2.218e-006
0.316, +2.222e-006
0.317, +2.226e-006
0.318, +2.223e-006
0.319, +2.219e-006
0.320, +2.215e-006
0.321, +2.219e-006
0.322, +2.220e-006
0.323, +2.225e-006
0.324, +2.231e-006
0.325, +2.218e-006
0.326, +2.222e-006
0.327, +2.218e-006
0.328, +2.226e-006
0.329, +2.223e-006
0.330, +2.222e-006
0.331, +2.227e-006
0.332, +2.228e-006
0.333, +2.240e-006
0.334, +2.235e-006
0.335, +2.228e-006
0.336, +2.227e-006
0.337, +2.227e-006
0.338, +2.222e-006
0.339, +2.220e-006
0.340, +2.226e-006
0.341, +2.224e-006
0.342, +2.226e-006
0.343, +2.230e-006
0.344, +2.224e-006
0.345, +2.226e-006
0.346, +2.215e-006
0.347, +2.229e-006
0.348, +2.230e-006
0.349, +2.223e-006
0.350, +2.228e-006
0.351, +2.227e-006
0.352, +2.225e-006
0.353, +2.228e-006
0.354, +2.232e-006
0.355, +2.236e-006
0.356, +2.232e-006
0.357, +2.226e-006
0.358, +2.236e-006
0.359, +2.239e-006
0.360, +2.225e-006
0.361, +2.238e-006
0.362, +2.235e-006
0.363, +2.235e-006
0.364, +2.227e-006
0.365, +2.227e-006
0.366, +2.231e-006
0.367, +2.232e-006
0.368, +2.233e-006
0.369, +2.237e-006
0.370, +2.229e-006
0.371, +2.227e-006
0.372, +2.226e-006
0.373, +2.225e-006
0.374, +2.235e-006
0.375, +2.231e-006
0.376, +2.232e-006
0.377, +2.239e-006
0.378, +2.230e-006
0.379, +2.233e-006
0.380, +2.234e-006
0.381, +2.232e-006
0.382, +2.231e-006
0.383, +2.229e-006
0.384, +2.243e-006
0.385, +2.239e-006
0.386, +2.229e-006
0.387, +2.231e-006
0.388, +2.235e-006
0.389, +2.229e-006
0.390, +2.228e-006
0.391, +2.225e-006
0.392, +2.234e-006
0.393, +2.236e-006
0.394, +2.234e-006
0.395, +2.230e-006
0.396, +2.231e-006
0.397, +2.222e-006
0.398, +2.230e-006
0.399, +2.231e-006
0.400, +2.236e-006
0.401, +2.234e-006
0.402, +2.229e-006
0.403, +2.232e-006
0.404, +2.232e-006
0.405, +2.228e-006
0.406, +2.234e-006
0.407, +2.235e-006
0.408, +2.227e-006
0.409, +2.229e-006
0.410, +2.143e-006
0.411, +2.211e-006
0.412, +2.229e-006
0.413, +2.238e-006
0.414, +2.230e-006
0.415, +2.230e-006
0.416, +2.225e-006
0.417, +2.232e-006
0.418, +2.231e-006
0.419, +2.239e-006
0.420, +2.237e-006
0.421, +2.228e-006
0.422, +2.228e-006
0.423, +2.222e-006
0.424, +2.227e-006
0.425, +2.235e-006
0.426, +2.231e-006
0.427, +2.233e-006
0.428, +2.229e-006
0.429, +2.231e-006
0.430, +2.231e-006
0.431, +2.222e-006
0.432, +2.229e-006
0.433, +2.231e-006
0.434, +2.230e-006
0.435, +2.239e-006
0.436, +2.240e-006
0.437, +2.229e-006
0.438, +2.236e-006
0.439, +2.232e-006
0.440, +2.233e-006
0.441, +2.233e-006
0.442, +2.223e-006
0.443, +2.225e-006
0.444, +2.227e-006
0.445, +2.229e-006
0.446, +2.229e-006
0.447, +2.232e-006
0.448, +2.222e-006
0.449, +2.226e-006
0.450, +2.224e-006
0.451, +2.227e-006
0.452, +2.226e-006
0.453, +2.224e-006
0.454, +2.224e-006
0.455, +2.224e-006
0.456, +2.225e-006
0.457, +2.226e-006
0.458, +2.227e-006
0.459, +2.223e-006
0.460, +2.229e-006
0.461, +2.231e-006
0.462, +2.225e-006
0.463, +2.222e-006
0.464, +2.223e-006
0.465, +2.224e-006
0.466, +2.219e-006
0.467, +2.219e-006
0.468, +2.223e-006
0.469, +2.219e-006
0.470, +2.223e-006
0.471, +2.223e-006
0.472, +2.218e-006
0.473, +2.225e-006
0.474, +2.217e-006
0.475, +2.219e-006
0.476, +2.220e-006
0.477, +2.221e-006
0.478, +2.221e-006
0.479, +2.221e-006
0.480, +2.212e-006
0.481, +2.215e-006
0.482, +2.214e-006
0.483, +2.220e-006
0.484, +2.222e-006
0.485, +2.213e-006
0.486, +2.221e-006
0.487, +2.228e-006
0.488, +2.219e-006
0.489, +2.219e-006
0.490, +2.216e-006
0.491, +2.219e-006
0.492, +2.213e-006
0.493, +2.208e-006
0.494, +2.214e-006
0.495, +2.209e-006
0.496, +2.213e-006
0.497, +2.217e-006
0.498, +2.210e-006
0.499, +2.207e-006
0.500, +2.208e-006
0.501, +2.210e-006
0.502, +2.213e-006
0.503, +2.215e-006
0.504, +2.211e-006
0.505, +2.215e-006
0.506, +2.204e-006
0.507, +2.207e-006
0.508, +2.214e-006
0.509, +2.213e-006
0.510, +2.216e-006
0.511, +2.210e-006
0.512, +2.233e-006
0.513, +2.218e-006
0.514, +2.210e-006
0.515, +2.214e-006
0.516, +2.215e-006
0.517, +2.207e-006
0.518, +2.207e-006
0.519, +2.202e-006
0.520, +2.205e-006
0.521, +2.207e-006
0.522, +2.213e-006
0.523, +2.209e-006
0.524, +2.207e-006
0.525, +2.198e-006
0.526, +2.204e-006
0.527, +2.202e-006
0.528, +2.205e-006
0.529, +2.203e-006
0.530, +2.205e-006
0.531, +2.201e-006
0.532, +2.203e-006
0.533, +2.202e-006
0.534, +2.206e-006
0.535, +2.205e-006
0.536, +2.202e-006
0.537, +2.201e-006
0.538, +2.217e-006
0.539, +2.202e-006
0.540, +2.201e-006
0.541, +2.208e-006
0.542, +2.199e-006
0.543, +2.201e-006
0.544, +2.197e-006
0.545, +2.197e-006
0.546, +2.192e-006
0.547, +2.203e-006
0.548, +2.197e-006
0.549, +2.199e-006
0.550, +2.200e-006
0.551, +2.190e-006
0.552, +2.193e-006
0.553, +2.190e-006
0.554, +2.198e-006
0.555, +2.199e-006
0.556, +2.197e-006
0.557, +2.188e-006
0.558, +2.189e-006
0.559, +2.191e-006
0.560, +2.195e-006
0.561, +2.196e-006
0.562, +2.191e-006
0.563, +2.204e-006
0.564, +2.202e-006
0.565, +2.196e-006
0.566, +2.199e-006
0.567, +2.195e-006
0.568, +2.191e-006
0.569, +2.191e-006
0.570, +2.189e-006
0.571, +2.195e-006
0.572, +2.191e-006
0.573, +2.193e-006
0.574, +2.197e-006
0.575, +2.193e-006
0.576, +2.190e-006
0.577, +2.193e-006
0.578, +2.192e-006
0.579, +2.195e-006
0.580, +2.192e-006
0.581, +2.190e-006
0.582, +2.196e-006
0.583, +2.189e-006
0.584, +2.194e-006
0.585, +2.195e-006
0.586, +2.189e-006
0.587, +2.196e-006
0.588, +2.195e-006
0.589, +2.204e-006
0.590, +2.196e-006
0.591, +2.193e-006
0.592, +2.192e-006
0.593, +2.197e-006
0.594, +2.188e-006
0.595, +2.189e-006
0.596, +2.193e-006
0.597, +2.190e-006
0.598, +2.193e-006
0.599, +2.194e-006
0.600, +2.188e-006
0.601, +2.197e-006
0.602, +2.183e-006
0.603, +2.191e-006
0.604, +2.196e-006
0.605, +2.196e-006
0.606, +2.194e-006
0.607, +2.195e-006
0.608, +2.192e-006
0.609, +2.192e-006
0.610, +2.191e-006
0.611, +2.195e-006
0.612, +2.198e-006
0.613, +2.195e-006
0.614, +2.205e-006
0.615, +2.223e-006
0.616, +2.202e-006
0.617, +2.199e-006
0.618, +2.194e-006
0.619, +2.195e-006
0.620, +2.196e-006
0.621, +2.191e-006
0.622, +2.195e-006
0.623, +2.196e-006
0.624, +2.196e-006
0.625, +2.202e-006
0.626, +2.198e-006
0.627, +2.193e-006
0.628, +2.197e-006
0.629, +2.195e-006
0.630, +2.197e-006
0.631, +2.202e-006
0.632, +2.200e-006
0.633, +2.199e-006
0.634, +2.196e-006
0.635, +2.196e-006
0.636, +2.202e-006
0.637, +2.204e-006
0.638, +2.203e-006
0.639, +2.200e-006
0.640, +2.214e-006
0.641, +2.208e-006
0.642, +2.201e-006
0.643, +2.212e-006
0.644, +2.203e-006
0.645, +2.200e-006
0.646, +2.205e-006
0.647, +2.198e-006
0.648, +2.206e-006
0.649, +2.206e-006
0.650, +2.214e-006
0.651, +2.211e-006
0.652, +2.208e-006
0.653, +2.201e-006
0.654, +2.208e-006
0.655, +2.208e-006
0.656, +2.215e-006
0.657, +2.213e-006
0.658, +2.212e-006
0.659, +2.210e-006
0.660, +2.210e-006
0.661, +2.211e-006
0.662, +2.215e-006
0.663, +2.216e-006
0.664, +2.216e-006
0.665, +2.219e-006
0.666, +2.226e-006
0.667, +2.221e-006
0.668, +2.219e-006
0.669, +2.224e-006
0.670, +2.224e-006
0.671, +2.223e-006
0.672, +2.220e-006
0.673, +2.226e-006
0.674, +2.222e-006
0.675, +2.229e-006
0.676, +2.228e-006
0.677, +2.231e-006
0.678, +2.230e-006
0.679, +2.224e-006
0.680, +2.223e-006
0.681, +2.234e-006
0.682, +2.235e-006
0.683, +2.234e-006
0.684, +2.237e-006
0.685, +2.231e-006
0.686, +2.237e-006
0.687, +2.236e-006
0.688, +2.239e-006
0.689, +2.242e-006
0.690, +2.240e-006
0.691, +2.250e-006
0.692, +2.252e-006
0.693, +2.243e-006
0.694, +2.245e-006
0.695, +2.248e-006
0.696, +2.246e-006
0.697, +2.248e-006
0.698, +2.247e-006
0.699, +2.247e-006
0.700, +2.251e-006
0.701, +2.251e-006
0.702, +2.257e-006
0.703, +2.254e-006
0.704, +2.254e-006
0.705, +2.259e-006
0.706, +2.256e-006
0.707, +2.263e-006
0.708, +2.262e-006
0.709, +2.262e-006
0.710, +2.266e-006
0.711, +2.265e-006
0.712, +2.266e-006
0.713, +2.271e-006
0.714, +2.270e-006
0.715, +2.269e-006
0.716, +2.275e-006
0.717, +2.301e-006
0.718, +2.283e-006
0.719, +2.275e-006
0.720, +2.282e-006
0.721, +2.280e-006
0.722, +2.277e-006
0.723, +2.276e-006
0.724, +2.279e-006
0.725, +2.281e-006
0.726, +2.287e-006
0.727, +2.290e-006
0.728, +2.292e-006
0.729, +2.291e-006
0.730, +2.284e-006
0.731, +2.296e-006
0.732, +2.299e-006
0.733, +2.295e-006
0.734, +2.295e-006
0.735, +2.299e-006
0.736, +2.294e-006
0.737, +2.300e-006
0.738, +2.307e-006
0.739, +2.310e-006
0.740, +2.311e-006
0.741, +2.305e-006
0.742, +2.311e-006
0.743, +2.322e-006
0.744, +2.314e-006
0.745, +2.318e-006
0.746, +2.319e-006
0.747, +2.319e-006
0.748, +2.324e-006
0.749, +2.316e-006
0.750, +2.322e-006
0.751, +2.327e-006
0.752, +2.327e-006
0.753, +2.329e-006
0.754, +2.329e-006
0.755, +2.329e-006
0.756, +2.338e-006
0.757, +2.335e-006
0.758, +2.336e-006
0.759, +2.344e-006
0.760, +2.343e-006
0.761, +2.346e-006
0.762, +2.344e-006
0.763, +2.349e-006
0.764, +2.351e-006
0.765, +2.351e-006
0.766, +2.351e-006
0.767, +2.356e-006
0.768, +2.367e-006
0.769, +2.364e-006
0.770, +2.362e-006
0.771, +2.367e-006
0.772, +2.367e-006
0.773, +2.366e-006
0.774, +2.365e-006
0.775, +2.364e-006
0.776, +2.372e-006
0.777, +2.376e-006
0.778, +2.376e-006
0.779, +2.379e-006
0.780, +2.383e-006
0.781, +2.377e-006
0.782, +2.385e-006
0.783, +2.386e-006
0.784, +2.390e-006
0.785, +2.393e-006
0.786, +2.392e-006
0.787, +2.390e-006
0.788, +2.395e-006
0.789, +2.396e-006
0.790, +2.400e-006
0.791, +2.405e-006
0.792, +2.403e-006
0.793, +2.405e-006
0.794, +2.422e-006
0.795, +2.414e-006
0.796, +2.413e-006
0.797, +2.420e-006
0.798, +2.420e-006
0.799, +2.420e-006
0.800, +2.422e-006
0.801, +2.429e-006
0.802, +2.425e-006
0.803, +2.432e-006
0.804, +2.437e-006
0.805, +2.433e-006
0.806, +2.438e-006
0.807, +2.433e-006
0.808, +2.437e-006
0.809, +2.441e-006
0.810, +2.448e-006
0.811, +2.447e-006
0.812, +2.452e-006
0.813, +2.453e-006
0.814, +2.457e-006
0.815, +2.459e-006
0.816, +2.458e-006
0.817, +2.473e-006
0.818, +2.469e-006
0.819, +2.453e-006
0.820, +2.456e-006
0.821, +2.471e-006
0.822, +2.476e-006
0.823, +2.483e-006
0.824, +2.477e-006
0.825, +2.482e-006
0.826, +2.479e-006
0.827, +2.487e-006
0.828, +2.493e-006
0.829, +2.497e-006
0.830, +2.499e-006
0.831, +2.502e-006
0.832, +2.496e-006
0.833, +2.501e-006
0.834, +2.511e-006
0.835, +2.516e-006
0.836, +2.518e-006
0.837, +2.518e-006
0.838, +2.526e-006
0.839, +2.525e-006
0.840, +2.524e-006
0.841, +2.533e-006
0.842, +2.534e-006
0.843, +2.534e-006
0.844, +2.541e-006
0.845, +2.554e-006
0.846, +2.551e-006
0.847, +2.550e-006
0.848, +2.558e-006
0.849, +2.561e-006
0.850, +2.558e-006
0.851, +2.562e-006
0.852, +2.568e-006
0.853, +2.568e-006
0.854, +2.577e-006
0.855, +2.581e-006
0.856, +2.583e-006
0.857, +2.586e-006
0.858, +2.581e-006
0.859, +2.585e-006
0.860, +2.594e-006
0.861, +2.595e-006
0.862, +2.603e-006
0.863, +2.604e-006
0.864, +2.604e-006
0.865, +2.610e-006
0.866, +2.609e-006
0.867, +2.618e-006
0.868, +2.624e-006
0.869, +2.622e-006
0.870, +2.635e-006
0.871, +2.640e-006
0.872, +2.636e-006
0.873, +2.641e-006
0.874, +2.641e-006
0.875, +2.645e-006
0.876, +2.649e-006
0.877, +2.652e-006
0.878, +2.657e-006
0.879, +2.666e-006
0.880, +2.668e-006
0.881, +2.669e-006
0.882, +2.671e-006
0.883, +2.672e-006
0.884, +2.678e-006
0.885, +2.687e-006
0.886, +2.693e-006
0.887, +2.696e-006
0.888, +2.695e-006
0.889, +2.704e-006
0.890, +2.704e-006
0.891, +2.712e-006
0.892, +2.715e-006
0.893, +2.720e-006
0.894, +2.727e-006
0.895, +2.729e-006
0.896, +2.741e-006
0.897, +2.744e-006
0.898, +2.740e-006
0.899, +2.747e-006
0.900, +2.757e-006
0.901, +2.757e-006
0.902, +2.762e-006
0.903, +2.765e-006
0.904, +2.768e-006
0.905, +2.776e-006
0.906, +2.780e-006
0.907, +2.782e-006
0.908, +2.786e-006
0.909, +2.787e-006
0.910, +2.797e-006
0.911, +2.801e-006
0.912, +2.810e-006
0.913, +2.812e-006
0.914, +2.813e-006
0.915, +2.819e-006
0.916, +2.823e-006
0.917, +2.832e-006
0.918, +2.839e-006
0.919, +2.844e-006
0.920, +2.848e-006
0.921, +2.856e-006
0.922, +2.886e-006
0.923, +2.872e-006
0.924, +2.875e-006
0.925, +2.881e-006
0.926, +2.884e-006
0.927, +2.888e-006
0.928, +2.889e-006
0.929, +2.901e-006
0.930, +2.904e-006
0.931, +2.915e-006
0.932, +2.921e-006
0.933, +2.922e-006
0.934, +2.926e-006
0.935, +2.928e-006
0.936, +2.937e-006
0.937, +2.947e-006
0.938, +2.954e-006
0.939, +2.958e-006
0.940, +2.963e-006
0.941, +2.967e-006
0.942, +2.975e-006
0.943, +2.980e-006
0.944, +2.992e-006
0.945, +2.997e-006
0.946, +3.002e-006
0.947, +3.014e-006
0.948, +3.022e-006
0.949, +3.024e-006
0.950, +3.030e-006
0.951, +3.039e-006
0.952, +3.043e-006
0.953, +3.054e-006
0.954, +3.053e-006
0.955, +3.064e-006
0.956, +3.068e-006
0.957, +3.077e-006
0.958, +3.085e-006
0.959, +3.091e-006
0.960, +3.094e-006
0.961, +3.103e-006
0.962, +3.111e-006
0.963, +3.121e-006
0.964, +3.130e-006
0.965, +3.139e-006
0.966, +3.143e-006
0.967, +3.149e-006
0.968, +3.157e-006
0.969, +3.167e-006
0.970, +3.175e-006
0.971, +3.181e-006
0.972, +3.194e-006
0.973, +3.209e-006
0.974, +3.211e-006
0.975, +3.215e-006
0.976, +3.224e-006
0.977, +3.235e-006
0.978, +3.239e-006
0.979, +3.245e-006
0.980, +3.256e-006
0.981, +3.266e-006
0.982, +3.277e-006
0.983, +3.282e-006
0.984, +3.292e-006
0.985, +3.298e-006
0.986, +3.305e-006
0.987, +3.316e-006
0.988, +3.328e-006
0.989, +3.336e-006
0.990, +3.344e-006
0.991, +3.350e-006
0.992, +3.358e-006
0.993, +3.370e-006
0.994, +3.380e-006
0.995, +3.389e-006
0.996, +3.403e-006
0.997, +3.409e-006
0.998, +3.422e-006
0.999, +3.436e-006
